U234	U235	U236	U237	U238	U239	Np236	Np237	Np238	Np239	Pu238	Pu239	Pu240	Pu241	Pu242	Pu243	Am241	Am242	Am243
2.8251E+00	2.6790E+00	2.4709E+00	2.2876E+00	1.9948E+00	1.8867E+00	2.9152E+00	2.7460E+00	2.7930E+00	2.5003E+00	3.1204E+00	2.8676E+00	2.9911E+00	2.2699E+00	2.6717E+00	2.2185E+00	2.7336E+00	3.0142E+00	2.8711E+00
2.9448E+00	2.7509E+00	2.5371E+00	2.3969E+00	2.0562E+00	1.9243E+00	2.9416E+00	2.8063E+00	2.8460E+00	2.5557E+00	3.1758E+00	2.9161E+00	3.0964E+00	2.2706E+00	2.7868E+00	2.1592E+00	2.8605E+00	3.0247E+00	2.8622E+00
3.0040E+00	2.7848E+00	2.5728E+00	2.4424E+00	2.1026E+00	1.9333E+00	2.9537E+00	2.8514E+00	2.8716E+00	2.5806E+00	3.1939E+00	2.9622E+00	3.1378E+00	2.2856E+00	2.8505E+00	2.1677E+00	2.9136E+00	3.0298E+00	2.8556E+00
3.0953E+00	2.8364E+00	2.6460E+00	2.5168E+00	2.1822E+00	2.0224E+00	2.9711E+00	2.9284E+00	2.9149E+00	2.6372E+00	3.2204E+00	3.0397E+00	3.1882E+00	2.3171E+00	2.9516E+00	2.1806E+00	2.9920E+00	3.0380E+00	2.8385E+00
3.1144E+00	2.8780E+00	2.7703E+00	2.6435E+00	2.3114E+00	2.2018E+00	2.9953E+00	2.9988E+00	2.9863E+00	2.7334E+00	3.2619E+00	3.0807E+00	3.2615E+00	2.3640E+00	3.0467E+00	2.1992E+00	3.0851E+00	3.0507E+00	2.8030E+00
3.0715E+00	2.8951E+00	2.8113E+00	2.7139E+00	2.3940E+00	2.2846E+00	3.0062E+00	3.0064E+00	3.0208E+00	2.7860E+00	3.2819E+00	3.1037E+00	3.2997E+00	2.4191E+00	3.1082E+00	2.2095E+00	3.1111E+00	3.0551E+00	2.7891E+00
3.0474E+00	2.9250E+00	2.8507E+00	2.7729E+00	2.4762E+00	2.3527E+00	3.0140E+00	3.0124E+00	3.0461E+00	2.8324E+00	3.2960E+00	3.1192E+00	3.3329E+00	2.4917E+00	3.1579E+00	2.2178E+00	3.1176E+00	3.0585E+00	2.7799E+00
3.0454E+00	2.9708E+00	2.8937E+00	2.8281E+00	2.5709E+00	2.4300E+00	3.0210E+00	3.0250E+00	3.0679E+00	2.8876E+00	3.3078E+00	3.1277E+00	3.3597E+00	2.5777E+00	3.2039E+00	2.2261E+00	3.1116E+00	3.0621E+00	2.7721E+00
3.0501E+00	2.9964E+00	2.9383E+00	2.8440E+00	2.6613E+00	2.5076E+00	3.0284E+00	3.0356E+00	3.0868E+00	2.9469E+00	3.3174E+00	3.1319E+00	3.3717E+00	2.6522E+00	3.2502E+00	2.2343E+00	3.0907E+00	3.0655E+00	2.7702E+00
3.0682E+00	3.0202E+00	2.9955E+00	2.8744E+00	2.7689E+00	2.6102E+00	3.0373E+00	3.0427E+00	3.1060E+00	3.0136E+00	3.3277E+00	3.1373E+00	3.3781E+00	2.7327E+00	3.2942E+00	2.2449E+00	3.0534E+00	3.0699E+00	2.7765E+00
3.1254E+00	3.0607E+00	3.0634E+00	2.9509E+00	2.9298E+00	2.7876E+00	3.0515E+00	3.0578E+00	3.1279E+00	3.0911E+00	3.3470E+00	3.1380E+00	3.3872E+00	2.8050E+00	3.3212E+00	2.2841E+00	2.9899E+00	3.0759E+00	2.7980E+00
3.1503E+00	3.0739E+00	3.0806E+00	2.9873E+00	2.9865E+00	2.8808E+00	3.0593E+00	3.0677E+00	3.1377E+00	3.1164E+00	3.3593E+00	3.1340E+00	3.3977E+00	2.8299E+00	3.3105E+00	2.3293E+00	2.9640E+00	3.0792E+00	2.8101E+00
3.1642E+00	3.0656E+00	3.0871E+00	3.0323E+00	3.0368E+00	2.9920E+00	3.0709E+00	3.0761E+00	3.1517E+00	3.1354E+00	3.3817E+00	3.1378E+00	3.4162E+00	2.8551E+00	3.2842E+00	2.5475E+00	2.9443E+00	3.0847E+00	2.8279E+00
3.1625E+00	3.0844E+00	3.0902E+00	3.0610E+00	3.0801E+00	3.0705E+00	3.0866E+00	3.1073E+00	3.1707E+00	3.1542E+00	3.4147E+00	3.1794E+00	3.4534E+00	2.9027E+00	3.2996E+00	3.0679E+00	2.9513E+00	3.0918E+00	2.8491E+00
3.1610E+00	3.1141E+00	3.0996E+00	3.0811E+00	3.1017E+00	3.1117E+00	3.1014E+00	3.1402E+00	3.1886E+00	3.1714E+00	3.4488E+00	3.2171E+00	3.4752E+00	2.9532E+00	3.3136E+00	3.1203E+00	2.9537E+00	3.0998E+00	2.8720E+00
3.1799E+00	3.1226E+00	3.1180E+00	3.0990E+00	3.1211E+00	3.1442E+00	3.1160E+00	3.1461E+00	3.2064E+00	3.1885E+00	3.4807E+00	3.2294E+00	3.4791E+00	2.9879E+00	3.3327E+00	3.1550E+00	2.9497E+00	3.1089E+00	2.9020E+00
3.1719E+00	3.1219E+00	3.1412E+00	3.1079E+00	3.1398E+00	3.1694E+00	3.1276E+00	3.1506E+00	3.2209E+00	3.2024E+00	3.5072E+00	3.2420E+00	3.4798E+00	3.0296E+00	3.3541E+00	3.1740E+00	2.9537E+00	3.1183E+00	2.9364E+00
3.1343E+00	3.1139E+00	3.1679E+00	3.1171E+00	3.1559E+00	3.1869E+00	3.1385E+00	3.1620E+00	3.2345E+00	3.2155E+00	3.5306E+00	3.2558E+00	3.4993E+00	3.0617E+00	3.3740E+00	3.1801E+00	2.9452E+00	3.1271E+00	2.9726E+00
3.1189E+00	3.1092E+00	3.1842E+00	3.1272E+00	3.1677E+00	3.2117E+00	3.1465E+00	3.1834E+00	3.2445E+00	3.2249E+00	3.5433E+00	3.2694E+00	3.5414E+00	3.0927E+00	3.3907E+00	3.1860E+00	2.9381E+00	3.1362E+00	3.0079E+00
3.1188E+00	3.1059E+00	3.1968E+00	3.1383E+00	3.1792E+00	3.2460E+00	3.1498E+00	3.2216E+00	3.2487E+00	3.2286E+00	3.5390E+00	3.2845E+00	3.5842E+00	3.1180E+00	3.4071E+00	3.1855E+00	2.9481E+00	3.1443E+00	3.0453E+00
3.1039E+00	3.1047E+00	3.1922E+00	3.1512E+00	3.1992E+00	3.2656E+00	3.1564E+00	3.2182E+00	3.2559E+00	3.2353E+00	3.5380E+00	3.2918E+00	3.5407E+00	3.1550E+00	3.4501E+00	3.1709E+00	2.9892E+00	3.1497E+00	3.0874E+00
3.0016E+00	3.0900E+00	3.1556E+00	3.1613E+00	3.2240E+00	3.2806E+00	3.1523E+00	3.1838E+00	3.2502E+00	3.2287E+00	3.5452E+00	3.2592E+00	3.5242E+00	3.2482E+00	3.4633E+00	3.1581E+00	3.0546E+00	3.1538E+00	3.1229E+00
2.9184E+00	3.0942E+00	3.0785E+00	3.1860E+00	3.2452E+00	3.2930E+00	3.1558E+00	3.1755E+00	3.2517E+00	3.2294E+00	3.5625E+00	3.2419E+00	3.4941E+00	3.3762E+00	3.4834E+00	3.1810E+00	3.0809E+00	3.1605E+00	3.1472E+00
2.8881E+00	3.1151E+00	2.9964E+00	3.2229E+00	3.2513E+00	3.3062E+00	3.1586E+00	3.1546E+00	3.2516E+00	3.2281E+00	3.5231E+00	3.2509E+00	3.4994E+00	3.4813E+00	3.4758E+00	3.2030E+00	3.0193E+00	3.1689E+00	3.1645E+00
2.8954E+00	3.1388E+00	3.0010E+00	3.2539E+00	3.2475E+00	3.3168E+00	3.1563E+00	3.1566E+00	3.2465E+00	3.2219E+00	3.4558E+00	3.2787E+00	3.5382E+00	3.5118E+00	3.4390E+00	3.2034E+00	2.9468E+00	3.1751E+00	3.1730E+00
2.9102E+00	3.1531E+00	3.0104E+00	3.2767E+00	3.2444E+00	3.3262E+00	3.1565E+00	3.1600E+00	3.2445E+00	3.2188E+00	3.4058E+00	3.3088E+00	3.5786E+00	3.4768E+00	3.4224E+00	3.2035E+00	2.9137E+00	3.1797E+00	3.1788E+00
2.9519E+00	3.1665E+00	3.0275E+00	3.3122E+00	3.2462E+00	3.3467E+00	3.1665E+00	3.2032E+00	3.2509E+00	3.2220E+00	3.3332E+00	3.3551E+00	3.6320E+00	3.4364E+00	3.4553E+00	3.2036E+00	2.9351E+00	3.1868E+00	3.1859E+00
3.0202E+00	3.1985E+00	3.0623E+00	3.3513E+00	3.2643E+00	3.3602E+00	3.1780E+00	3.2162E+00	3.2586E+00	3.2308E+00	3.3181E+00	3.3833E+00	3.6468E+00	3.3934E+00	3.5045E+00	3.2188E+00	3.0205E+00	3.1967E+00	3.1957E+00
3.1312E+00	3.2485E+00	3.0884E+00	3.3856E+00	3.2823E+00	3.3841E+00	3.1881E+00	3.2308E+00	3.2648E+00	3.2366E+00	3.3844E+00	3.4102E+00	3.6272E+00	3.3071E+00	3.5604E+00	3.2387E+00	3.1147E+00	3.2106E+00	3.2089E+00
3.2424E+00	3.2946E+00	3.1255E+00	3.4029E+00	3.3077E+00	3.4485E+00	3.2085E+00	3.2661E+00	3.2840E+00	3.2511E+00	3.4880E+00	3.4345E+00	3.6198E+00	3.2080E+00	3.5731E+00	3.2006E+00	3.1931E+00	3.2270E+00	3.2192E+00
3.3253E+00	3.3200E+00	3.1741E+00	3.4368E+00	3.3349E+00	3.4687E+00	3.2347E+00	3.3122E+00	3.3077E+00	3.2728E+00	3.5827E+00	3.4519E+00	3.6150E+00	3.2382E+00	3.5552E+00	3.1605E+00	3.2496E+00	3.2451E+00	3.2273E+00
3.3932E+00	3.3467E+00	3.2108E+00	3.4977E+00	3.3694E+00	3.4872E+00	3.2581E+00	3.3513E+00	3.3326E+00	3.2957E+00	3.6341E+00	3.4672E+00	3.6368E+00	3.3180E+00	3.5656E+00	3.1808E+00	3.3125E+00	3.2650E+00	3.2386E+00
3.4531E+00	3.3740E+00	3.2455E+00	3.5319E+00	3.4053E+00	3.5138E+00	3.2802E+00	3.3899E+00	3.3577E+00	3.3194E+00	3.6670E+00	3.4846E+00	3.6675E+00	3.3876E+00	3.5917E+00	3.2159E+00	3.3759E+00	3.2849E+00	3.2514E+00
3.5186E+00	3.3992E+00	3.3053E+00	3.5835E+00	3.4486E+00	3.5592E+00	3.3223E+00	3.4475E+00	3.4048E+00	3.3637E+00	3.7070E+00	3.5026E+00	3.6938E+00	3.4661E+00	3.6345E+00	3.2659E+00	3.4297E+00	3.3155E+00	3.2735E+00
3.5795E+00	3.4252E+00	3.3790E+00	3.6464E+00	3.5042E+00	3.6197E+00	3.3812E+00	3.5229E+00	3.4736E+00	3.4295E+00	3.7537E+00	3.5455E+00	3.7180E+00	3.5452E+00	3.6940E+00	3.3267E+00	3.4782E+00	3.3604E+00	3.3033E+00
3.6481E+00	3.4550E+00	3.4561E+00	3.6995E+00	3.5518E+00	3.6678E+00	3.4360E+00	3.6055E+00	3.5443E+00	3.4979E+00	3.7947E+00	3.6119E+00	3.7484E+00	3.6227E+00	3.7561E+00	3.3816E+00	3.5341E+00	3.4061E+00	3.3330E+00
3.7101E+00	3.4780E+00	3.5169E+00	3.7301E+00	3.5838E+00	3.7015E+00	3.4718E+00	3.6687E+00	3.5924E+00	3.5433E+00	3.8247E+00	3.6660E+00	3.7674E+00	3.6618E+00	3.8053E+00	3.4192E+00	3.5656E+00	3.4415E+00	3.3585E+00
3.7360E+00	3.4930E+00	3.5663E+00	3.7485E+00	3.6068E+00	3.7247E+00	3.4956E+00	3.7114E+00	3.6227E+00	3.5723E+00	3.8464E+00	3.7032E+00	3.7809E+00	3.6785E+00	3.8390E+00	3.4429E+00	3.5833E+00	3.4678E+00	3.3758E+00
3.7330E+00	3.5084E+00	3.6135E+00	3.7592E+00	3.6360E+00	3.7433E+00	3.5188E+00	3.7470E+00	3.6543E+00	3.6027E+00	3.8702E+00	3.7397E+00	3.7930E+00	3.6878E+00	3.8609E+00	3.4660E+00	3.5988E+00	3.4939E+00	3.3912E+00
3.7289E+00	3.5182E+00	3.6634E+00	3.7607E+00	3.6624E+00	3.7562E+00	3.5412E+00	3.7715E+00	3.6879E+00	3.6349E+00	3.8898E+00	3.7696E+00	3.8020E+00	3.6850E+00	3.8677E+00	3.4887E+00	3.6066E+00	3.5189E+00	3.4043E+00
3.7253E+00	3.5225E+00	3.7353E+00	3.7620E+00	3.6911E+00	3.7685E+00	3.5619E+00	3.7790E+00	3.7191E+00	3.6647E+00	3.9051E+00	3.7896E+00	3.8030E+00	3.6522E+00	3.8784E+00	3.5104E+00	3.6048E+00	3.5412E+00	3.4171E+00
3.7177E+00	3.5211E+00	3.8141E+00	3.7619E+00	3.7174E+00	3.7801E+00	3.5785E+00	3.7678E+00	3.7468E+00	3.6905E+00	3.9193E+00	3.8079E+00	3.7979E+00	3.6024E+00	3.8952E+00	3.5310E+00	3.5934E+00	3.5628E+00	3.4281E+00
3.7068E+00	3.5168E+00	3.8690E+00	3.7436E+00	3.7404E+00	3.7848E+00	3.5891E+00	3.7589E+00	3.7669E+00	3.7089E+00	3.9289E+00	3.8186E+00	3.8087E+00	3.5714E+00	3.9066E+00	3.5474E+00	3.5716E+00	3.5811E+00	3.4338E+00
3.6995E+00	3.5152E+00	3.8911E+00	3.7303E+00	3.7474E+00	3.7838E+00	3.5937E+00	3.7617E+00	3.7763E+00	3.7173E+00	3.9307E+00	3.8232E+00	3.8194E+00	3.5566E+00	3.9116E+00	3.5553E+00	3.5573E+00	3.5892E+00	3.4352E+00
3.6959E+00	3.5138E+00	3.8987E+00	3.7250E+00	3.7474E+00	3.7824E+00	3.5956E+00	3.7644E+00	3.7801E+00	3.7206E+00	3.9303E+00	3.8252E+00	3.8252E+00	3.5488E+00	3.9137E+00	3.5585E+00	3.5505E+00	3.5920E+00	3.4354E+00
3.6910E+00	3.5111E+00	3.9094E+00	3.7172E+00	3.7474E+00	3.7803E+00	3.5985E+00	3.7692E+00	3.7857E+00	3.7256E+00	3.9297E+00	3.8282E+00	3.8339E+00	3.5372E+00	3.9168E+00	3.5631E+00	3.5402E+00	3.5961E+00	3.4357E+00
3.6813E+00	3.5057E+00	3.9290E+00	3.7019E+00	3.7473E+00	3.7745E+00	3.6006E+00	3.7741E+00	3.7933E+00	3.7318E+00	3.9269E+00	3.8343E+00	3.8475E+00	3.5144E+00	3.9203E+00	3.5723E+00	3.5195E+00	3.6042E+00	3.4364E+00
3.6669E+00	3.4957E+00	3.9539E+00	3.6772E+00	3.7456E+00	3.7647E+00	3.5995E+00	3.7688E+00	3.8015E+00	3.7373E+00	3.9181E+00	3.8418E+00	3.8585E+00	3.4741E+00	3.9227E+00	3.5870E+00	3.4843E+00	3.6137E+00	3.4349E+00
3.6476E+00	3.4772E+00	3.9671E+00	3.6490E+00	3.7425E+00	3.7459E+00	3.5994E+00	3.7556E+00	3.8114E+00	3.7438E+00	3.9049E+00	3.8443E+00	3.8617E+00	3.4193E+00	3.9264E+00	3.6039E+00	3.4472E+00	3.6160E+00	3.4263E+00
3.6240E+00	3.4512E+00	3.9656E+00	3.6064E+00	3.7351E+00	3.7216E+00	3.5958E+00	3.7288E+00	3.8166E+00	3.7452E+00	3.8844E+00	3.8393E+00	3.8417E+00	3.3751E+00	3.9216E+00	3.6281E+00	3.4193E+00	3.6153E+00	3.4149E+00
3.5902E+00	3.4126E+00	3.9508E+00	3.5354E+00	3.7116E+00	3.6841E+00	3.5826E+00	3.6889E+00	3.8113E+00	3.7353E+00	3.8464E+00	3.8185E+00	3.7944E+00	3.3417E+00	3.8997E+00	3.6671E+00	3.3941E+00	3.6098E+00	3.3981E+00
3.5356E+00	3.3752E+00	3.9243E+00	3.4661E+00	3.6721E+00	3.6373E+00	3.5654E+00	3.6654E+00	3.8010E+00	3.7200E+00	3.8058E+00	3.7979E+00	3.7366E+00	3.2969E+00	3.8757E+00	3.7045E+00	3.3641E+00	3.6042E+00	3.3822E+00
3.4662E+00	3.3385E+00	3.8685E+00	3.3973E+00	3.6198E+00	3.5776E+00	3.5423E+00	3.6216E+00	3.7829E+00	3.6964E+00	3.7632E+00	3.7764E+00	3.6763E+00	3.2739E+00	3.8448E+00	3.7401E+00	3.3209E+00	3.5980E+00	3.3670E+00
3.3746E+00	3.3030E+00	3.7636E+00	3.3316E+00	3.5713E+00	3.5177E+00	3.5172E+00	3.5827E+00	3.7622E+00	3.6695E+00	3.7087E+00	3.7503E+00	3.6143E+00	3.3151E+00	3.8137E+00	3.7740E+00	3.2623E+00	3.5922E+00	3.3536E+00
3.2877E+00	3.2653E+00	3.7133E+00	3.2671E+00	3.5284E+00	3.4510E+00	3.4885E+00	3.5355E+00	3.7357E+00	3.6366E+00	3.6678E+00	3.7087E+00	3.5561E+00	3.3455E+00	3.7694E+00	3.8062E+00	3.1889E+00	3.5888E+00	3.3464E+00
3.2029E+00	3.2255E+00	3.6884E+00	3.1924E+00	3.4990E+00	3.3807E+00	3.4583E+00	3.4915E+00	3.7070E+00	3.6006E+00	3.6264E+00	3.6604E+00	3.4969E+00	3.3886E+00	3.7418E+00	3.8327E+00	3.1073E+00	3.5880E+00	3.3466E+00
3.1386E+00	3.1887E+00	3.6322E+00	3.1109E+00	3.4249E+00	3.3062E+00	3.4282E+00	3.4507E+00	3.6776E+00	3.5633E+00	3.5682E+00	3.6072E+00	3.4532E+00	3.4373E+00	3.7315E+00	3.8545E+00	3.0414E+00	3.5866E+00	3.3535E+00
3.0939E+00	3.1569E+00	3.5248E+00	3.0317E+00	3.3553E+00	3.2291E+00	3.3983E+00	3.4027E+00	3.6466E+00	3.5239E+00	3.5096E+00	3.5400E+00	3.4156E+00	3.4622E+00	3.7232E+00	3.8752E+00	3.0166E+00	3.5785E+00	3.3672E+00
3.0212E+00	3.1270E+00	3.3830E+00	2.9563E+00	3.2837E+00	3.1568E+00	3.3691E+00	3.3634E+00	3.6162E+00	3.4827E+00	3.4658E+00	3.4804E+00	3.3896E+00	3.4773E+00	3.6979E+00	3.8929E+00	3.0092E+00	3.5717E+00	3.3761E+00
2.9499E+00	3.0985E+00	3.2438E+00	2.8822E+00	3.2171E+00	3.0953E+00	3.3416E+00	3.3110E+00	3.5871E+00	3.4415E+00	3.4102E+00	3.4302E+00	3.3708E+00	3.4880E+00	3.6600E+00	3.8844E+00	2.9999E+00	3.5641E+00	3.3802E+00
2.9213E+00	3.0750E+00	3.1131E+00	2.8017E+00	3.1307E+00	3.0360E+00	3.3164E+00	3.2748E+00	3.5595E+00	3.3984E+00	3.3298E+00	3.3878E+00	3.3465E+00	3.4972E+00	3.5918E+00	3.8434E+00	2.9986E+00	3.5503E+00	3.3732E+00
2.8224E+00	3.0437E+00	2.8738E+00	2.6867E+00	2.9608E+00	2.9543E+00	3.2835E+00	3.2410E+00	3.5221E+00	3.3330E+00	3.2981E+00	3.3442E+00	3.2802E+00	3.5099E+00	3.4681E+00	3.7810E+00	2.9711E+00	3.5317E+00	3.3219E+00
2.7233E+00	3.0281E+00	2.6662E+00	2.5831E+00	2.7819E+00	2.8810E+00	3.2532E+00	3.2065E+00	3.4869E+00	3.2696E+00	3.2421E+00	3.3045E+00	3.2074E+00	3.5209E+00	3.3144E+00	3.6818E+00	2.9016E+00	3.5185E+00	3.2332E+00
2.7079E+00	2.9988E+00	2.5907E+00	2.5092E+00	2.6559E+00	2.8255E+00	3.2271E+00	3.1564E+00	3.4563E+00	3.2155E+00	3.2284E+00	3.2457E+00	3.1110E+00	3.5282E+00	3.1461E+00	3.5288E+00	2.8438E+00	3.5134E+00	3.1324E+00
2.7391E+00	2.9762E+00	2.4928E+00	2.4326E+00	2.5678E+00	2.7673E+00	3.2048E+00	3.0916E+00	3.4290E+00	3.1695E+00	3.2123E+00	3.2122E+00	2.9829E+00	3.5489E+00	2.9675E+00	3.3776E+00	2.7667E+00	3.5119E+00	3.0098E+00
2.7686E+00	2.9596E+00	2.4193E+00	2.3646E+00	2.4874E+00	2.7149E+00	3.1923E+00	3.0445E+00	3.4118E+00	3.1261E+00	3.1894E+00	3.2014E+00	2.8893E+00	3.5735E+00	2.7943E+00	3.2565E+00	2.6974E+00	3.5175E+00	2.8955E+00
2.8100E+00	2.9432E+00	2.3433E+00	2.2997E+00	2.4012E+00	2.6658E+00	3.1835E+00	2.9991E+00	3.3980E+00	3.0943E+00	3.1587E+00	3.1839E+00	2.8238E+00	3.5965E+00	2.6365E+00	3.1456E+00	2.6777E+00	3.5212E+00	2.7967E+00
2.8075E+00	2.9371E+00	2.2758E+00	2.2373E+00	2.2977E+00	2.6260E+00	3.1829E+00	2.9467E+00	3.3921E+00	3.0615E+00	3.1133E+00	3.1619E+00	2.7408E+00	3.6215E+00	2.4924E+00	3.0650E+00	2.6049E+00	3.5129E+00	2.7092E+00
2.7033E+00	2.9150E+00	2.2089E+00	2.1778E+00	2.2046E+00	2.5937E+00	3.1861E+00	2.8880E+00	3.3896E+00	3.0338E+00	3.0652E+00	3.1122E+00	2.6515E+00	3.6537E+00	2.3902E+00	2.9925E+00	2.5457E+00	3.5003E+00	2.6495E+00
2.5869E+00	2.8932E+00	2.1264E+00	2.1208E+00	2.1015E+00	2.5655E+00	3.1829E+00	2.8321E+00	3.3799E+00	3.0006E+00	2.9874E+00	3.0670E+00	2.5594E+00	3.6901E+00	2.3034E+00	2.9262E+00	2.5015E+00	3.4763E+00	2.6106E+00
2.4774E+00	2.8873E+00	2.0824E+00	2.0659E+00	2.0319E+00	2.5435E+00	3.1648E+00	2.7925E+00	3.3541E+00	2.9512E+00	2.8872E+00	3.0528E+00	2.4626E+00	3.7313E+00	2.2282E+00	2.8681E+00	2.4369E+00	3.4330E+00	2.5870E+00
2.3846E+00	2.8750E+00	2.0470E+00	2.0137E+00	2.0006E+00	2.5235E+00	3.1487E+00	2.7292E+00	3.3306E+00	2.9054E+00	2.8686E+00	3.0322E+00	2.3553E+00	3.7705E+00	2.1609E+00	2.8130E+00	2.4057E+00	3.3898E+00	2.5604E+00
2.3054E+00	2.8681E+00	2.0110E+00	1.9643E+00	1.9668E+00	2.5041E+00	3.1404E+00	2.6653E+00	3.3145E+00	2.8675E+00	2.8403E+00	3.0095E+00	2.2566E+00	3.8019E+00	2.0963E+00	2.7606E+00	2.3853E+00	3.3463E+00	2.5358E+00
2.2527E+00	2.8652E+00	1.9768E+00	1.9181E+00	1.9234E+00	2.4836E+00	3.1484E+00	2.6041E+00	3.3137E+00	2.8436E+00	2.7764E+00	2.9871E+00	2.1893E+00	3.8164E+00	2.0290E+00	2.7107E+00	2.3369E+00	3.3002E+00	2.5186E+00
2.2127E+00	2.8376E+00	1.9436E+00	1.8772E+00	1.8793E+00	2.4451E+00	3.1598E+00	2.5569E+00	3.3161E+00	2.8223E+00	2.7137E+00	2.9595E+00	2.1123E+00	3.8295E+00	1.9705E+00	2.6632E+00	2.3022E+00	3.2579E+00	2.5080E+00
2.1192E+00	2.8214E+00	1.9097E+00	1.8499E+00	1.8434E+00	2.3914E+00	3.1737E+00	2.5314E+00	3.3209E+00	2.8024E+00	2.6526E+00	2.9358E+00	2.0276E+00	3.8417E+00	1.9192E+00	2.6178E+00	2.2776E+00	3.2194E+00	2.5015E+00
1.9554E+00	2.7738E+00	1.8598E+00	1.8034E+00	1.7801E+00	2.3376E+00	3.1526E+00	2.4875E+00	3.2858E+00	2.7339E+00	2.5753E+00	2.9049E+00	1.9217E+00	3.8217E+00	1.8276E+00	2.4771E+00	2.2319E+00	3.1639E+00	2.4737E+00
1.7782E+00	2.7518E+00	1.7992E+00	1.7365E+00	1.7017E+00	2.2776E+00	3.1075E+00	2.4197E+00	3.2239E+00	2.6309E+00	2.4880E+00	2.8920E+00	1.8181E+00	3.7673E+00	1.7136E+00	2.2667E+00	2.1883E+00	3.0926E+00	2.4414E+00
1.6688E+00	2.7112E+00	1.7566E+00	1.6947E+00	1.6484E+00	2.2252E+00	3.0854E+00	2.3630E+00	3.1878E+00	2.5634E+00	2.4273E+00	2.8802E+00	1.7640E+00	3.7193E+00	1.6444E+00	2.1129E+00	2.1555E+00	3.0411E+00	2.4239E+00
1.6088E+00	2.7021E+00	1.7275E+00	1.6650E+00	1.6127E+00	2.1938E+00	3.1011E+00	2.3267E+00	3.1822E+00	2.5225E+00	2.3861E+00	2.8664E+00	1.7400E+00	3.6820E+00	1.6138E+00	1.9802E+00	2.1336E+00	3.0036E+00	2.3969E+00
1.5303E+00	2.6743E+00	1.6825E+00	1.6138E+00	1.5628E+00	2.1465E+00	3.1325E+00	2.2775E+00	3.1839E+00	2.4640E+00	2.3274E+00	2.8294E+00	1.7048E+00	3.6285E+00	1.5729E+00	1.7893E+00	2.1037E+00	2.9571E+00	2.3517E+00
1.4376E+00	2.6431E+00	1.6249E+00	1.5426E+00	1.4979E+00	2.0724E+00	3.1804E+00	2.2267E+00	3.2039E+00	2.3843E+00	2.2533E+00	2.8134E+00	1.6472E+00	3.5693E+00	1.5240E+00	1.5571E+00	2.0639E+00	2.9093E+00	2.2862E+00
1.3924E+00	2.6168E+00	1.5953E+00	1.5013E+00	1.4588E+00	2.0292E+00	3.2083E+00	2.1989E+00	3.2227E+00	2.3492E+00	2.2142E+00	2.7888E+00	1.6161E+00	3.5313E+00	1.4996E+00	1.4381E+00	2.0443E+00	2.8869E+00	2.2546E+00
1.3864E+00	2.6110E+00	1.5908E+00	1.4957E+00	1.4521E+00	2.0193E+00	3.2076E+00	2.1948E+00	3.2189E+00	2.3390E+00	2.2114E+00	2.7888E+00	1.6127E+00	3.5178E+00	1.4941E+00	1.4270E+00	2.0402E+00	2.8851E+00	2.2511E+00
1.3813E+00	2.6057E+00	1.5870E+00	1.4912E+00	1.4462E+00	2.0099E+00	3.2059E+00	2.1917E+00	3.2140E+00	2.3288E+00	2.2099E+00	2.7898E+00	1.6100E+00	3.5101E+00	1.4889E+00	1.4192E+00	2.0364E+00	2.8837E+00	2.2478E+00
1.3682E+00	2.5933E+00	1.5774E+00	1.4797E+00	1.4315E+00	1.9955E+00	3.2015E+00	2.1796E+00	3.2016E+00	2.3036E+00	2.2060E+00	2.7921E+00	1.6008E+00	3.4909E+00	1.4759E+00	1.3994E+00	2.0269E+00	2.8813E+00	2.2396E+00
1.3407E+00	2.5717E+00	1.5568E+00	1.4552E+00	1.4000E+00	1.9759E+00	3.1920E+00	2.1542E+00	3.1782E+00	2.2502E+00	2.1979E+00	2.7885E+00	1.5802E+00	3.4496E+00	1.4480E+00	1.3572E+00	2.0066E+00	2.8792E+00	2.2219E+00
1.2887E+00	2.5543E+00	1.5129E+00	1.4046E+00	1.3418E+00	1.9280E+00	3.1742E+00	2.1111E+00	3.1462E+00	2.1538E+00	2.1826E+00	2.7330E+00	1.5414E+00	3.3717E+00	1.3960E+00	1.2774E+00	1.9796E+00	2.8808E+00	2.1979E+00
1.2403E+00	2.5466E+00	1.4690E+00	1.3500E+00	1.2890E+00	1.8683E+00	3.1763E+00	2.0943E+00	3.1303E+00	2.1012E+00	2.1429E+00	2.6956E+00	1.5040E+00	3.3124E+00	1.3482E+00	1.2036E+00	1.9368E+00	2.8847E+00	2.1861E+00
1.2086E+00	2.5187E+00	1.4405E+00	1.3152E+00	1.2545E+00	1.8168E+00	3.1915E+00	2.0753E+00	3.1318E+00	2.0782E+00	2.0992E+00	2.7098E+00	1.4813E+00	3.2922E+00	1.3187E+00	1.1584E+00	1.9108E+00	2.8900E+00	2.1736E+00
1.1788E+00	2.5111E+00	1.4130E+00	1.2820E+00	1.2204E+00	1.7801E+00	3.2080E+00	2.0599E+00	3.1379E+00	2.0600E+00	2.0582E+00	2.7032E+00	1.4597E+00	3.2565E+00	1.2909E+00	1.1155E+00	1.8978E+00	2.8977E+00	2.1626E+00
1.1498E+00	2.5031E+00	1.3866E+00	1.2502E+00	1.1876E+00	1.7462E+00	3.2262E+00	2.0450E+00	3.1522E+00	2.0491E+00	2.0194E+00	2.7045E+00	1.4394E+00	3.2217E+00	1.2648E+00	1.0747E+00	1.8869E+00	2.9050E+00	2.1565E+00
1.1218E+00	2.4772E+00	1.3610E+00	1.2168E+00	1.1493E+00	1.7002E+00	3.2314E+00	2.0306E+00	3.1539E+00	2.0304E+00	1.9892E+00	2.6543E+00	1.4177E+00	3.1765E+00	1.2354E+00	1.0395E+00	1.8898E+00	2.9126E+00	2.1514E+00
1.0934E+00	2.4592E+00	1.3348E+00	1.1861E+00	1.1110E+00	1.6657E+00	3.2054E+00	2.0168E+00	3.1197E+00	1.9909E+00	1.9760E+00	2.6336E+00	1.3849E+00	3.1055E+00	1.1970E+00	1.0142E+00	1.8895E+00	2.9225E+00	2.1438E+00
1.0664E+00	2.4418E+00	1.3070E+00	1.1571E+00	1.0749E+00	1.6479E+00	3.1786E+00	2.0009E+00	3.0901E+00	1.9520E+00	1.9644E+00	2.6386E+00	1.3700E+00	3.0434E+00	1.1601E+00	9.9052E-01	1.8887E+00	2.9324E+00	2.1317E+00
1.0389E+00	2.4163E+00	1.2776E+00	1.1294E+00	1.0492E+00	1.6268E+00	3.1552E+00	1.9805E+00	3.0684E+00	1.9155E+00	1.9334E+00	2.6306E+00	1.3435E+00	3.0216E+00	1.1255E+00	9.6800E-01	1.8874E+00	2.9425E+00	2.1246E+00
1.0135E+00	2.4050E+00	1.2467E+00	1.1026E+00	1.0171E+00	1.6058E+00	3.1469E+00	1.9660E+00	3.0531E+00	1.8840E+00	1.8902E+00	2.6154E+00	1.3118E+00	3.0151E+00	1.0943E+00	9.4677E-01	1.8861E+00	2.9558E+00	2.1207E+00
9.8953E-01	2.3831E+00	1.2143E+00	1.0786E+00	9.8126E-01	1.5774E+00	3.1412E+00	1.9467E+00	3.0449E+00	1.8553E+00	1.8498E+00	2.5941E+00	1.2911E+00	3.0104E+00	1.0652E+00	9.2781E-01	1.8867E+00	2.9669E+00	2.1167E+00
9.6647E-01	2.3672E+00	1.1798E+00	1.0566E+00	9.4834E-01	1.5504E+00	3.1359E+00	1.9356E+00	3.0389E+00	1.8298E+00	1.8216E+00	2.5743E+00	1.2651E+00	3.0028E+00	1.0376E+00	9.0999E-01	1.8905E+00	2.9796E+00	2.1032E+00
9.4316E-01	2.3563E+00	1.1440E+00	1.0364E+00	9.1697E-01	1.5389E+00	3.1334E+00	1.9292E+00	3.0351E+00	1.8058E+00	1.7962E+00	2.5561E+00	1.2516E+00	2.9923E+00	1.0105E+00	8.9303E-01	1.8957E+00	2.9949E+00	2.0761E+00
9.1917E-01	2.3392E+00	1.1085E+00	1.0201E+00	8.7743E-01	1.5314E+00	3.1413E+00	1.9182E+00	3.0405E+00	1.7784E+00	1.7563E+00	2.5388E+00	1.2192E+00	2.9821E+00	9.8483E-01	8.7691E-01	1.9005E+00	3.0112E+00	2.0516E+00
8.9629E-01	2.3280E+00	1.0734E+00	1.0049E+00	8.3886E-01	1.5279E+00	3.1556E+00	1.9080E+00	3.0502E+00	1.7546E+00	1.6970E+00	2.5223E+00	1.1830E+00	2.9724E+00	9.5871E-01	8.6155E-01	1.9050E+00	3.0221E+00	2.0327E+00
8.7341E-01	2.3222E+00	1.0395E+00	9.9040E-01	8.0280E-01	1.5245E+00	3.1723E+00	1.8986E+00	3.0634E+00	1.7242E+00	1.6434E+00	2.5086E+00	1.1367E+00	2.9641E+00	9.3306E-01	8.4696E-01	1.9095E+00	3.0314E+00	2.0187E+00
8.4567E-01	2.3229E+00	1.0079E+00	9.7661E-01	7.7156E-01	1.5203E+00	3.1982E+00	1.8725E+00	3.0834E+00	1.7010E+00	1.6215E+00	2.5055E+00	1.1178E+00	2.9615E+00	9.0925E-01	8.3308E-01	1.9140E+00	3.0463E+00	2.0090E+00
7.9572E-01	2.3255E+00	9.5590E-01	9.5435E-01	7.2140E-01	1.5132E+00	3.2455E+00	1.8341E+00	3.1242E+00	1.6880E+00	1.6341E+00	2.5017E+00	1.0702E+00	2.9580E+00	8.7153E-01	8.1098E-01	1.9218E+00	3.0716E+00	2.0159E+00
7.3518E-01	2.3038E+00	8.8359E-01	9.3138E-01	6.4823E-01	1.5116E+00	3.2694E+00	1.8266E+00	3.1420E+00	1.6254E+00	1.5937E+00	2.4481E+00	1.0226E+00	2.9420E+00	7.9721E-01	8.0306E-01	1.9441E+00	3.1061E+00	2.0033E+00
6.9802E-01	2.3022E+00	8.2911E-01	9.2213E-01	5.9535E-01	1.5163E+00	3.2690E+00	1.8302E+00	3.1434E+00	1.5748E+00	1.5348E+00	2.3994E+00	1.0054E+00	2.9403E+00	7.4230E-01	8.0605E-01	1.9696E+00	3.1340E+00	1.9713E+00
6.8151E-01	2.3240E+00	8.0151E-01	9.1788E-01	5.7446E-01	1.5186E+00	3.2689E+00	1.8337E+00	3.1503E+00	1.5565E+00	1.5075E+00	2.4001E+00	9.9054E-01	2.9414E+00	7.1816E-01	8.0750E-01	1.9816E+00	3.1489E+00	1.9914E+00
6.5300E-01	2.3871E+00	7.5630E-01	9.1302E-01	5.3661E-01	1.5208E+00	3.2732E+00	1.8331E+00	3.1626E+00	1.5389E+00	1.4451E+00	2.4046E+00	9.3269E-01	2.9428E+00	6.8315E-01	8.1223E-01	2.0038E+00	3.1637E+00	2.0364E+00
6.2045E-01	2.4144E+00	7.0285E-01	9.0859E-01	5.0285E-01	1.5245E+00	3.2891E+00	1.8187E+00	3.1767E+00	1.5457E+00	1.3822E+00	2.3980E+00	8.9850E-01	2.9433E+00	6.4236E-01	8.1910E-01	2.0311E+00	3.1908E+00	2.0917E+00
5.7551E-01	2.4341E+00	6.3022E-01	9.0722E-01	4.5100E-01	1.5464E+00	3.2952E+00	1.8231E+00	3.1879E+00	1.5656E+00	1.3904E+00	2.3803E+00	8.2801E-01	2.9350E+00	5.7008E-01	8.4111E-01	2.0760E+00	3.2394E+00	2.1674E+00
5.3443E-01	2.4520E+00	5.6118E-01	9.1255E-01	4.1690E-01	1.5907E+00	3.3138E+00	1.8677E+00	3.2116E+00	1.5961E+00	1.4040E+00	2.3677E+00	7.4493E-01	2.9161E+00	5.0822E-01	8.8336E-01	2.1256E+00	3.2931E+00	2.2525E+00
5.0655E-01	2.4947E+00	5.1115E-01	9.2371E-01	3.9124E-01	1.7135E+00	3.3414E+00	1.9103E+00	3.2347E+00	1.6226E+00	1.3916E+00	2.3664E+00	7.1823E-01	2.9301E+00	4.9661E-01	9.2676E-01	2.1692E+00	3.3416E+00	2.3149E+00
4.8509E-01	2.5457E+00	4.8385E-01	9.4251E-01	3.6662E-01	1.8052E+00	3.3808E+00	1.9444E+00	3.2679E+00	1.6411E+00	1.3404E+00	2.3755E+00	7.3069E-01	2.9460E+00	5.2908E-01	9.9834E-01	2.2146E+00	3.4269E+00	2.3471E+00
5.1698E-01	2.4840E+00	5.2092E-01	9.7044E-01	3.9581E-01	1.9484E+00	3.4268E+00	1.9934E+00	3.3109E+00	1.6816E+00	1.4237E+00	2.4342E+00	7.8227E-01	2.9798E+00	5.5596E-01	1.0784E+00	2.2950E+00	3.5527E+00	2.4016E+00
5.5322E-01	2.6774E+00	5.5479E-01	9.9876E-01	4.1878E-01	2.1090E+00	3.4674E+00	2.0327E+00	3.3495E+00	1.7314E+00	1.4852E+00	2.5091E+00	8.1837E-01	3.1004E+00	5.8952E-01	1.1432E+00	2.3766E+00	3.6629E+00	2.4643E+00
5.8018E-01	2.8990E+00	5.8096E-01	1.0192E+00	4.3414E-01	2.2485E+00	3.5005E+00	2.1133E+00	3.3797E+00	1.7806E+00	1.4842E+00	2.5479E+00	8.1759E-01	3.1984E+00	6.1494E-01	1.1895E+00	2.4386E+00	3.7522E+00	2.5108E+00
6.0577E-01	2.9029E+00	6.0466E-01	1.0448E+00	4.4857E-01	2.3679E+00	3.5470E+00	2.1924E+00	3.4138E+00	1.8298E+00	1.4729E+00	2.5638E+00	8.3287E-01	3.2930E+00	6.3948E-01	1.2469E+00	2.5057E+00	3.8384E+00	2.5558E+00
6.1928E-01	2.7492E+00	6.1815E-01	1.0592E+00	4.5617E-01	2.4290E+00	3.5735E+00	2.2343E+00	3.4334E+00	1.8573E+00	1.4662E+00	2.6329E+00	8.5309E-01	3.3432E+00	6.5250E-01	1.2797E+00	2.5421E+00	3.8878E+00	2.5797E+00
6.3170E-01	2.7281E+00	6.3087E-01	1.0723E+00	4.6308E-01	2.4858E+00	3.5977E+00	2.2726E+00	3.4575E+00	1.8832E+00	1.4611E+00	2.6417E+00	8.7352E-01	3.3890E+00	6.6440E-01	1.3095E+00	2.5751E+00	3.9342E+00	2.6016E+00
6.4580E-01	2.8908E+00	6.4224E-01	1.0848E+00	4.6894E-01	2.5340E+00	3.6202E+00	2.3089E+00	3.4787E+00	1.9067E+00	1.4793E+00	2.7030E+00	8.7033E-01	3.4324E+00	6.7609E-01	1.3347E+00	2.6031E+00	3.9789E+00	2.6237E+00
6.5696E-01	2.9074E+00	6.4991E-01	1.0936E+00	4.7395E-01	2.5650E+00	3.6358E+00	2.3346E+00	3.4923E+00	1.9228E+00	1.5041E+00	2.7147E+00	8.8799E-01	3.4631E+00	6.8455E-01	1.3509E+00	2.6211E+00	4.0108E+00	2.6400E+00
6.7831E-01	3.0495E+00	6.6476E-01	1.1105E+00	4.9053E-01	2.6243E+00	3.6660E+00	2.3837E+00	3.5207E+00	1.9541E+00	1.5561E+00	2.6703E+00	9.0404E-01	3.5219E+00	7.0074E-01	1.3820E+00	2.6556E+00	4.0728E+00	2.6712E+00
7.1839E-01	3.1097E+00	6.9592E-01	1.1436E+00	5.1595E-01	2.7641E+00	3.7303E+00	2.4774E+00	3.5797E+00	2.0195E+00	1.6625E+00	2.8043E+00	9.7267E-01	3.6328E+00	7.3118E-01	1.4455E+00	2.7237E+00	4.2025E+00	2.7303E+00
7.9675E-01	3.2944E+00	7.5541E-01	1.2470E+00	5.4961E-01	3.0665E+00	3.9068E+00	2.7046E+00	3.7372E+00	2.1501E+00	1.7642E+00	2.8982E+00	1.0231E+00	3.8704E+00	7.9214E-01	1.5543E+00	2.9475E+00	4.4762E+00	2.8588E+00
9.0606E-01	3.7240E+00	8.3711E-01	1.4254E+00	6.2725E-01	3.5246E+00	4.1735E+00	3.0173E+00	3.9740E+00	2.3406E+00	1.7857E+00	3.0652E+00	1.1412E+00	4.1769E+00	8.7967E-01	1.7451E+00	3.2263E+00	4.9073E+00	3.0675E+00
9.8729E-01	4.0490E+00	8.9547E-01	1.5679E+00	6.6003E-01	3.8783E+00	4.3727E+00	3.2413E+00	4.1503E+00	2.4847E+00	1.7503E+00	3.2476E+00	1.2573E+00	4.3913E+00	9.4629E-01	1.9088E+00	3.3895E+00	5.2611E+00	3.2475E+00
1.0438E+00	4.2012E+00	9.3816E-01	1.9589E+00	6.8569E-01	4.1686E+00	4.5292E+00	3.4165E+00	4.2898E+00	2.5957E+00	1.8391E+00	3.2531E+00	1.2198E+00	4.5545E+00	9.9262E-01	1.8505E+00	3.5339E+00	5.5361E+00	3.3807E+00
1.1398E+00	4.3666E+00	1.0073E+00	2.3479E+00	7.1050E-01	4.5511E+00	4.8461E+00	3.7733E+00	4.5784E+00	2.8047E+00	1.8970E+00	3.5699E+00	1.3456E+00	4.9505E+00	1.0749E+00	1.8739E+00	3.9483E+00	6.0301E+00	3.6404E+00
1.2669E+00	4.9152E+00	1.0995E+00	2.6431E+00	8.6372E-01	5.0561E+00	5.3053E+00	4.2982E+00	4.9998E+00	3.1095E+00	2.7389E+00	3.8202E+00	1.4571E+00	5.6635E+00	1.1915E+00	2.0830E+00	4.3866E+00	6.7454E+00	4.0349E+00
1.4169E+00	5.4596E+00	1.2028E+00	2.9960E+00	8.4333E-01	5.6174E+00	5.8527E+00	4.8786E+00	5.5074E+00	3.4803E+00	2.4497E+00	4.3428E+00	1.1171E+00	6.4634E+00	1.3300E+00	2.3640E+00	4.8712E+00	7.5820E+00	4.5201E+00
1.5628E+00	6.3384E+00	1.2978E+00	3.3153E+00	9.3497E-01	6.1144E+00	6.3660E+00	5.3991E+00	5.9882E+00	3.8415E+00	2.8886E+00	4.8867E+00	1.2605E+00	7.1246E+00	1.4580E+00	2.6425E+00	5.6469E+00	8.3486E+00	4.9682E+00
1.6691E+00	6.6263E+00	1.3651E+00	3.5251E+00	1.0547E+00	6.4656E+00	6.7134E+00	5.7587E+00	6.3140E+00	4.0891E+00	2.7129E+00	4.6328E+00	1.2587E+00	7.5713E+00	1.5492E+00	2.8427E+00	6.0940E+00	8.8761E+00	5.2823E+00
1.7840E+00	6.8903E+00	1.4244E+00	3.7126E+00	1.2996E+00	6.7372E+00	7.0040E+00	6.0760E+00	6.5865E+00	4.2980E+00	3.7055E+00	5.8558E+00	1.1774E+00	7.9315E+00	1.6324E+00	3.0184E+00	6.4095E+00	9.3256E+00	5.5621E+00
1.9088E+00	7.0338E+00	1.4890E+00	3.9109E+00	1.1974E+00	7.0578E+00	7.3154E+00	6.4088E+00	6.8797E+00	4.5259E+00	4.5219E+00	6.4295E+00	1.7928E+00	8.3025E+00	1.7220E+00	3.2063E+00	6.6943E+00	9.8008E+00	5.8570E+00
2.0105E+00	7.2868E+00	1.5420E+00	4.0731E+00	1.0920E+00	7.2932E+00	7.5694E+00	6.6795E+00	7.1202E+00	4.7156E+00	4.1484E+00	6.4340E+00	2.7192E+00	8.6042E+00	1.7967E+00	3.3581E+00	6.8911E+00	1.0178E+01	6.0978E+00
2.0738E+00	7.8073E+00	1.5781E+00	4.1742E+00	1.6790E+00	7.4406E+00	7.7417E+00	6.8484E+00	7.2832E+00	4.8450E+00	3.6961E+00	6.0074E+00	1.7369E+00	8.7926E+00	1.8433E+00	3.4632E+00	7.0134E+00	1.0434E+01	6.2481E+00
2.1586E+00	7.6781E+00	1.6375E+00	4.3601E+00	1.6181E+00	7.7144E+00	8.0098E+00	7.1493E+00	7.5371E+00	5.0447E+00	3.4144E+00	6.6870E+00	2.4620E+00	9.1657E+00	1.9307E+00	3.6289E+00	7.1852E+00	1.0832E+01	6.5181E+00
2.2614E+00	7.8887E+00	1.7231E+00	4.6098E+00	1.2196E+00	8.0756E+00	8.3767E+00	7.5504E+00	7.8847E+00	5.3272E+00	3.8124E+00	6.1558E+00	1.6026E+00	9.6764E+00	2.0487E+00	3.8637E+00	7.3987E+00	1.1394E+01	6.8787E+00
2.4596E+00	8.7672E+00	1.8900E+00	5.0650E+00	1.7924E+00	8.7407E+00	9.0740E+00	8.2747E+00	8.5476E+00	5.8688E+00	4.5512E+00	7.0060E+00	2.7421E+00	1.0535E+01	2.2710E+00	4.3065E+00	8.2014E+00	1.2433E+01	7.5325E+00
3.0111E+00	9.5875E+00	2.3390E+00	5.8468E+00	1.5972E+00	9.8329E+00	1.0204E+01	9.4864E+00	9.6251E+00	6.7669E+00	5.0038E+00	8.2947E+00	3.1807E+00	1.1749E+01	2.6691E+00	5.0368E+00	9.5813E+00	1.4112E+01	8.6352E+00
3.2658E+00	1.2154E+01	2.8195E+00	6.7944E+00	2.4354E+00	1.1109E+01	1.1487E+01	1.0904E+01	1.0849E+01	7.8115E+00	5.9624E+00	1.0514E+01	3.6665E+00	1.2752E+01	3.1732E+00	5.9007E+00	1.0687E+01	1.6042E+01	9.9359E+00
4.1149E+00	1.3519E+01	3.1652E+00	7.9011E+00	3.0925E+00	1.2583E+01	1.2955E+01	1.2504E+01	1.2254E+01	9.0367E+00	7.7543E+00	9.9445E+00	6.4983E+00	1.2810E+01	3.7808E+00	6.9089E+00	1.2478E+01	1.8249E+01	1.1399E+01
2.8836E+00	1.6455E+01	4.6587E+00	9.1921E+00	3.4073E+00	1.4285E+01	1.4632E+01	1.4315E+01	1.3861E+01	1.0461E+01	9.3955E+00	1.0069E+01	4.3234E+00	1.4534E+01	3.5061E+00	8.0762E+00	1.4415E+01	2.0759E+01	1.3117E+01
8.3607E+00	1.9354E+01	5.1310E+00	1.0741E+01	3.4389E+00	1.6244E+01	1.6544E+01	1.5182E+01	1.5696E+01	1.2110E+01	1.0462E+01	2.4124E+01	4.7400E+00	2.1443E+01	4.9056E+00	9.4256E+00	1.6125E+01	2.3618E+01	1.5105E+01
4.2053E+00	1.7460E+01	6.4847E+00	1.2539E+01	2.4701E+00	1.8496E+01	1.8717E+01	1.5964E+01	1.7782E+01	1.4009E+01	9.4282E+00	1.1970E+01	6.9311E+00	2.6001E+01	3.5320E+00	1.0984E+01	1.9432E+01	2.6861E+01	1.7357E+01
9.7707E+00	2.1610E+01	5.2311E+00	1.4614E+01	4.5890E+00	2.1053E+01	2.1161E+01	2.0110E+01	2.0132E+01	1.6183E+01	2.6252E+01	2.8223E+01	1.1022E+01	2.8741E+01	9.3910E+00	1.2762E+01	2.2496E+01	3.0520E+01	1.9896E+01
3.4425E+00	3.2828E+01	4.1622E+00	1.7070E+01	7.0247E+00	2.3975E+01	2.3930E+01	2.5699E+01	2.2794E+01	1.8659E+01	1.5471E+01	3.4394E+01	5.9485E+00	3.5296E+01	5.1502E+00	1.4793E+01	2.4888E+01	3.4661E+01	2.2837E+01
2.4851E+01	2.9960E+01	1.5513E+01	1.3410E+01	1.5896E+01	2.7346E+01	2.7101E+01	2.8306E+01	2.5845E+01	2.1531E+01	2.6081E+01	2.8184E+01	9.5478E+00	3.7921E+01	7.5114E+00	1.7153E+01	2.7359E+01	3.9407E+01	2.6158E+01
1.4640E+01	3.5093E+01	2.2543E+00	1.5910E+01	3.0548E+00	3.1195E+01	3.0706E+01	2.5954E+01	2.9312E+01	2.4798E+01	1.6020E+01	3.6764E+01	2.0824E+01	3.3980E+01	1.0685E+01	1.9849E+01	3.4868E+01	4.4796E+01	2.9970E+01
1.7550E+01	3.6465E+01	2.7725E+01	1.4750E+01	3.5079E+01	3.5517E+01	3.4783E+01	2.7817E+01	3.3238E+01	2.8548E+01	6.0658E+01	4.2977E+01	3.4640E+01	2.0996E+01	1.1770E+01	2.2684E+01	3.7521E+01	5.0899E+01	3.4352E+01
3.3150E+01	3.8021E+01	2.2277E+01	3.8139E+01	4.0704E+00	4.2142E+01	3.9416E+01	5.4516E+01	3.7700E+01	3.2847E+01	2.7170E+01	7.0874E+01	2.4516E+01	5.8563E+01	1.3293E+00	3.9323E+01	3.2560E+01	6.5331E+01	3.9238E+01
2.6279E+01	3.3318E+01	3.4782E+01	2.4554E+01	3.7652E+01	4.8450E+01	4.4623E+01	4.8867E+01	4.2714E+01	3.7675E+01	8.1458E+00	9.1980E+01	1.0773E+02	5.1050E+01	1.2621E+01	4.4782E+01	4.2576E+01	8.0943E+01	4.4824E+01
4.5362E+01	7.9615E+01	7.3699E-02	3.5227E+01	1.3536E-01	5.9159E+01	5.0921E+01	7.2927E+01	4.8780E+01	4.3546E+01	5.8423E+00	1.1156E+02	3.1531E-01	4.0136E+01	8.6642E+01	4.9201E+01	4.4217E+01	9.8537E+01	4.6294E+01
3.7706E+00	5.2828E+01	6.1321E+01	5.5030E+01	2.3308E+00	5.9421E+01	5.7694E+01	5.9379E+01	5.5303E+01	4.9863E+01	3.9795E-02	7.1294E+01	2.1556E+02	4.2559E+01	4.5165E+00	5.5491E+01	4.3648E+01	7.3841E+01	4.5406E+01
9.5715E+01	9.1540E+01	2.6430E+01	8.2862E+01	1.6165E+02	6.4189E+01	6.5395E+01	5.4736E+01	6.2722E+01	5.7089E+01	1.4175E+00	7.5150E+00	9.6311E-01	6.9444E+01	5.8699E-02	7.9503E+01	5.3253E+01	5.8348E+01	6.3528E+01
5.5650E+00	6.6295E+01	7.2787E-02	4.7911E+01	6.7889E-01	9.0218E+01	7.4120E+01	1.2000E+02	7.1122E+01	6.5282E+01	1.4170E-01	3.6748E+01	2.7847E-01	1.1644E+02	2.7206E+00	6.4463E+01	6.9821E+01	9.5306E+01	5.8864E+01
1.8326E-01	1.1465E+02	4.5587E-02	1.0599E+02	2.6352E+02	9.1728E+01	1.1312E+02	6.0126E+01	8.0636E+01	7.4573E+01	1.7503E+02	1.0905E+02	9.8443E+01	1.0093E+02	6.6230E+00	8.5237E+01	1.9627E+01	1.5173E+02	5.0153E+01
1.7662E-01	5.1220E+01	6.8505E-02	8.3133E+01	4.3361E-01	1.2144E+02	2.1469E+02	4.1638E+01	9.1422E+01	8.5103E+01	1.1002E+00	1.9469E+02	2.8597E-01	3.2049E+02	4.7497E+00	1.2876E+02	1.4470E+02	1.7965E+02	7.1760E+01
3.3963E-01	1.1356E+02	1.3910E-01	1.3308E+02	3.2938E-01	1.2651E+02	1.9713E+02	1.6796E+02	1.0365E+02	9.7075E+01	4.1763E-01	2.6179E+02	2.5914E-01	1.7201E+02	1.2107E-01	9.9964E+01	3.8060E+01	1.7340E+02	2.0974E+02
8.5126E-01	1.4866E+02	3.9212E-01	2.1680E+02	8.5606E-01	1.5488E+02	1.3274E+02	8.7034E+01	1.1741E+02	1.1061E+02	3.4043E+01	2.1259E+01	3.7374E-01	2.4364E+02	1.9546E-01	1.4135E+02	1.0112E+02	1.3273E+02	6.2434E+01
3.4991E+00	3.1834E+01	2.1423E+00	9.6513E+00	5.0629E+02	2.0720E+01	1.5580E+02	3.4888E+01	1.3949E+02	1.2564E+02	2.5749E-01	1.6375E+02	6.2848E-01	2.8227E+02	4.1267E-01	2.1491E+02	2.7512E+01	4.6124E+02	3.4346E+02
2.0227E+03	6.8387E+01	1.1236E+03	9.9631E+01	1.0499E+01	2.4438E+02	1.5228E+02	1.6625E+02	1.1506E+02	1.4238E+02	2.4800E-01	9.6112E+00	1.1543E+00	3.0976E+02	1.0370E+00	1.9810E+01	2.4142E+02	7.1592E+01	1.0866E+02
1.1115E+02	2.5142E+01	1.1254E+01	4.0121E+02	1.1042E+00	4.2972E+01	1.3177E+02	3.9701E+01	1.7428E+02	1.6116E+02	4.5657E-01	9.9502E+00	2.2752E+00	4.7236E+02	3.4427E+00	4.3831E+02	1.4664E+02	7.4876E+01	1.3237E+01
8.0155E+00	4.9959E+01	2.3436E+00	5.0413E+00	5.9423E-01	5.0534E+02	2.1020E+02	1.2242E+02	2.0823E+02	1.8221E+02	4.0135E+00	1.1860E+01	4.8396E+00	5.8858E+01	2.4426E+01	2.8788E+01	2.7279E+01	4.2422E+02	2.2103E+02
5.2639E+00	1.7400E+01	1.3992E+00	7.1685E+00	4.8175E-01	1.1593E+01	3.4575E+02	3.7327E+00	2.2922E+02	2.0583E+02	1.4176E+02	1.4717E+01	1.1402E+01	3.4017E+01	4.1565E+03	1.6676E+01	2.1711E+02	1.4813E+02	1.1609E+01
5.1367E+00	2.8630E+01	1.1162E+00	2.2490E+01	4.4777E-01	1.1446E+01	3.6547E+02	3.9192E+01	2.8573E+02	2.3214E+02	2.0612E+00	1.8687E+01	3.1612E+01	2.5260E+01	5.4683E+01	7.1663E+01	3.2712E+02	4.3083E+02	4.8597E+01
5.8743E+00	1.8856E+01	1.0215E+00	2.5005E+03	4.4714E-01	5.4479E+01	2.7061E+02	4.5374E+02	3.0816E+02	2.6148E+02	1.6071E+00	2.4361E+01	1.2167E+02	2.8216E+01	1.5442E+01	1.6627E+03	7.8432E+01	1.0860E+02	9.1811E+02
7.1686E+00	6.2244E+01	1.0082E+00	3.2777E+02	4.6577E-01	2.6424E+03	2.7145E+02	2.8428E+02	7.2135E+02	2.9447E+02	2.0914E+00	3.3123E+01	1.7323E+03	3.1926E+01	9.5197E+00	1.0054E+02	1.7590E+03	1.0764E+02	5.2506E+03
8.9416E+00	8.7669E+01	1.0419E+00	4.6960E+01	4.9791E-01	9.7222E+01	3.4301E+02	2.1530E+01	8.8287E+02	3.3178E+02	3.1546E+00	4.8300E+01	3.0344E+04	3.4097E+01	7.5618E+00	4.8947E+01	1.0984E+02	1.7045E+02	2.3726E+02
1.1162E+01	6.4884E+01	1.1079E+00	3.8970E+01	5.4173E-01	3.0907E+01	6.6922E+02	2.5456E+01	5.1381E+02	3.7571E+02	4.9861E+00	7.9080E+01	7.4874E+02	4.0539E+01	6.8090E+00	4.5163E+01	1.2299E+02	3.2088E+02	6.1059E+01
1.3842E+01	7.7625E+01	1.2008E+00	4.3749E+01	5.9641E-01	2.0362E+01	6.9095E+02	1.4166E+02	4.6282E+02	4.2572E+02	7.9621E+00	1.5666E+02	2.9801E+02	5.8807E+01	6.5978E+00	4.9149E+01	2.1908E+03	6.1523E+02	4.1003E+01
1.6971E+01	1.0614E+02	1.3174E+00	5.3726E+01	6.6157E-01	1.6919E+01	6.1129E+02	1.0652E+03	5.3570E+02	4.8090E+02	1.2607E+01	4.3145E+02	1.9949E+02	1.2421E+02	6.6981E+00	5.6438E+01	5.6584E+02	1.0302E+03	5.1432E+01
3.1654E+01	2.3101E+02	1.9293E+00	1.1830E+02	9.8762E-01	1.6877E+01	1.1795E+03	7.2202E+01	9.6665E+02	2.8880E+01	5.6692E+01	1.9589E+03	1.5353E+02	1.1884E+03	8.5897E+00	9.7711E+01	1.1457E+03	1.4450E+03	3.9085E+01
7.6760E+01	5.1081E+02	4.0238E+00	3.3616E+02	2.0813E+00	2.9194E+01	2.3478E+03	1.3158E+02	2.0819E+03	3.4837E+01	2.8901E+02	8.5989E+02	2.3335E+02	1.0907E+03	1.6682E+01	2.3110E+02	5.2060E+02	1.9322E+03	6.3606E+01
