U234	U235	U236	U237	U238	U239	Np236	Np237	Np238	Np239	Pu238	Pu239	Pu240	Pu241	Pu242	Pu243	Am241	Am242	Am243
2.3603E-03	5.0552E-04	1.8791E-03	1.3383E-03	2.9329E-04	7.5941E-04	5.0719E-04	2.4338E-03	5.4430E-04	5.8325E-04	2.8211E-04	4.3916E-04	4.9092E-04	6.46E-04	4.17E-04	1.18E-03	4.07E-04	1.75E-03	2.50E-03
2.4073E-03	6.2506E-04	1.9076E-03	1.3966E-03	3.7510E-04	8.4592E-04	5.7675E-04	2.6485E-03	6.2668E-04	6.8060E-04	3.2823E-04	5.0478E-04	5.7655E-04	7.37E-04	4.78E-04	1.29E-03	4.68E-04	1.78E-03	2.54E-03
2.4416E-03	6.7141E-04	1.9322E-03	1.4396E-03	4.1967E-04	8.7472E-04	6.1110E-04	2.7290E-03	6.6769E-04	7.2379E-04	3.5221E-04	5.3675E-04	6.1781E-04	7.88E-04	5.01E-04	1.33E-03	4.98E-04	1.79E-03	2.55E-03
2.5145E-03	7.3658E-04	1.9838E-03	1.5172E-03	4.9586E-04	9.8973E-04	6.7237E-04	2.8893E-03	7.4262E-04	8.1842E-04	3.9711E-04	5.9304E-04	6.8871E-04	8.75E-04	5.63E-04	1.40E-03	5.53E-04	1.82E-03	2.58E-03
2.6605E-03	8.0875E-04	2.0974E-03	1.6662E-03	6.2968E-04	1.2083E-03	7.9687E-04	3.1390E-03	8.8288E-04	1.0007E-03	4.8372E-04	6.8696E-04	8.1049E-04	1.00E-03	6.74E-04	1.49E-03	6.48E-04	1.86E-03	2.69E-03
2.7459E-03	8.4001E-04	2.1650E-03	1.7512E-03	7.0563E-04	1.2934E-03	8.6786E-04	3.2594E-03	9.7519E-04	1.0995E-03	5.3767E-04	7.3138E-04	8.7838E-04	1.07E-03	7.32E-04	1.53E-03	6.95E-04	1.89E-03	2.76E-03
2.8168E-03	8.6906E-04	2.2206E-03	1.8211E-03	7.6501E-04	1.3606E-03	9.3046E-04	3.3370E-03	1.0520E-03	1.1759E-03	5.8537E-04	7.6077E-04	9.3583E-04	1.14E-03	7.82E-04	1.57E-03	7.27E-04	1.92E-03	2.82E-03
2.8915E-03	9.1551E-04	2.2816E-03	1.8935E-03	8.2106E-04	1.4282E-03	1.0031E-03	3.4732E-03	1.1270E-03	1.2512E-03	6.3766E-04	7.8399E-04	9.9545E-04	1.21E-03	8.42E-04	1.60E-03	7.53E-04	1.94E-03	2.88E-03
2.9703E-03	1.0424E-03	2.3471E-03	1.9669E-03	8.7643E-04	1.4963E-03	1.0719E-03	3.5541E-03	1.2029E-03	1.3187E-03	6.9679E-04	7.9789E-04	1.0482E-03	1.29E-03	9.01E-04	1.63E-03	7.67E-04	1.97E-03	2.94E-03
3.0757E-03	1.1936E-03	2.4306E-03	2.0596E-03	9.4001E-04	1.5928E-03	1.1678E-03	3.7525E-03	1.3037E-03	1.3994E-03	7.7531E-04	8.0749E-04	1.1165E-03	1.39E-03	9.60E-04	1.67E-03	7.72E-04	1.99E-03	3.02E-03
3.2445E-03	1.4188E-03	2.5572E-03	2.2013E-03	1.0187E-03	1.7374E-03	1.3231E-03	3.9630E-03	1.4488E-03	1.4892E-03	8.9103E-04	8.1455E-04	1.2321E-03	1.57E-03	1.03E-03	1.73E-03	7.58E-04	2.03E-03	3.15E-03
3.3365E-03	1.5609E-03	2.6224E-03	2.2764E-03	1.0455E-03	1.8097E-03	1.3962E-03	4.1184E-03	1.5095E-03	1.5209E-03	9.4116E-04	8.1848E-04	1.2973E-03	1.68E-03	1.07E-03	1.76E-03	7.46E-04	2.05E-03	3.22E-03
3.4884E-03	1.7141E-03	2.7254E-03	2.3951E-03	1.0685E-03	1.8646E-03	1.4869E-03	4.3516E-03	1.5760E-03	1.5621E-03	9.8890E-04	8.2277E-04	1.4074E-03	1.86E-03	1.11E-03	1.81E-03	7.26E-04	2.08E-03	3.32E-03
3.7068E-03	1.9077E-03	2.8631E-03	2.5561E-03	1.0665E-03	1.8779E-03	1.5653E-03	4.6899E-03	1.6301E-03	1.5942E-03	1.0177E-03	8.1727E-04	1.5627E-03	2.12E-03	1.16E-03	1.87E-03	7.10E-04	2.11E-03	3.46E-03
3.9447E-03	2.0463E-03	2.9939E-03	2.7171E-03	1.0297E-03	1.8793E-03	1.6125E-03	5.0174E-03	1.6511E-03	1.5847E-03	1.0353E-03	8.0054E-04	1.7347E-03	2.42E-03	1.17E-03	1.92E-03	7.09E-04	2.14E-03	3.62E-03
4.2004E-03	2.0310E-03	3.1169E-03	2.8650E-03	9.5736E-04	1.8875E-03	1.6407E-03	5.3654E-03	1.6474E-03	1.5233E-03	1.0492E-03	7.8215E-04	1.9261E-03	2.76E-03	1.15E-03	1.98E-03	7.18E-04	2.15E-03	3.78E-03
4.4621E-03	2.0507E-03	3.2314E-03	2.9903E-03	8.5794E-04	1.8747E-03	1.6357E-03	5.7704E-03	1.6050E-03	1.4227E-03	1.0572E-03	7.6552E-04	2.1348E-03	3.13E-03	1.12E-03	2.11E-03	7.31E-04	2.16E-03	3.95E-03
4.7339E-03	2.0918E-03	3.3416E-03	3.1050E-03	7.6130E-04	1.8390E-03	1.5924E-03	6.2134E-03	1.5146E-03	1.2987E-03	1.0566E-03	7.4689E-04	2.3704E-03	3.54E-03	1.06E-03	2.31E-03	7.53E-04	2.16E-03	4.12E-03
5.0382E-03	2.0900E-03	3.4554E-03	3.2279E-03	6.8184E-04	1.7918E-03	1.5095E-03	6.5801E-03	1.3918E-03	1.1637E-03	1.0508E-03	7.2371E-04	2.6320E-03	4.00E-03	9.80E-04	2.51E-03	7.94E-04	2.15E-03	4.30E-03
5.4156E-03	2.0724E-03	3.6012E-03	3.3780E-03	6.1421E-04	1.7359E-03	1.3945E-03	7.0852E-03	1.2495E-03	1.0348E-03	1.0507E-03	6.9637E-04	2.9221E-03	4.53E-03	9.03E-04	2.69E-03	8.66E-04	2.13E-03	4.52E-03
5.8730E-03	2.0760E-03	3.7671E-03	3.5705E-03	5.5788E-04	1.6834E-03	1.2653E-03	7.6276E-03	1.1081E-03	9.2787E-04	1.0700E-03	6.6776E-04	3.2438E-03	5.13E-03	8.18E-04	2.87E-03	9.81E-04	2.12E-03	4.77E-03
6.4204E-03	2.1116E-03	3.9909E-03	3.8245E-03	5.3129E-04	1.6382E-03	1.1309E-03	8.2114E-03	9.7401E-04	8.4454E-04	1.1281E-03	6.4177E-04	3.6015E-03	5.80E-03	7.91E-04	3.03E-03	1.15E-03	2.11E-03	5.09E-03
7.1075E-03	2.2000E-03	4.2752E-03	4.1732E-03	5.3368E-04	1.6178E-03	1.0122E-03	8.7630E-03	8.6299E-04	7.9311E-04	1.3532E-03	6.2210E-04	4.0025E-03	6.48E-03	7.70E-04	3.19E-03	1.39E-03	2.11E-03	5.48E-03
7.9717E-03	2.3502E-03	4.5926E-03	4.6239E-03	5.7190E-04	1.6148E-03	9.1140E-04	9.4187E-03	7.7171E-04	7.6606E-04	1.6741E-03	6.1055E-04	4.4399E-03	7.20E-03	7.70E-04	3.34E-03	1.72E-03	2.13E-03	5.95E-03
8.6341E-03	2.4931E-03	4.8552E-03	4.9914E-03	6.2309E-04	1.6209E-03	8.5485E-04	9.9064E-03	7.2111E-04	7.6094E-04	1.8938E-03	6.0851E-04	4.7523E-03	7.71E-03	7.91E-04	3.44E-03	2.00E-03	2.16E-03	6.30E-03
9.1853E-03	2.6007E-03	5.0954E-03	5.2992E-03	6.6678E-04	1.6294E-03	8.1716E-04	1.0178E-02	6.8693E-04	7.6267E-04	2.0927E-03	6.0993E-04	5.0065E-03	8.13E-03	8.13E-04	3.51E-03	2.27E-03	2.18E-03	6.60E-03
1.0208E-02	2.9149E-03	5.5301E-03	5.9704E-03	7.8710E-04	1.6731E-03	7.7322E-04	1.0760E-02	6.4413E-04	7.9347E-04	2.5244E-03	6.2678E-04	5.4829E-03	8.89E-03	8.81E-04	3.62E-03	2.85E-03	2.25E-03	7.18E-03
1.1593E-02	3.4068E-03	6.0969E-03	6.8922E-03	9.9591E-04	1.7820E-03	7.3275E-04	1.1565E-02	6.0183E-04	8.5463E-04	3.1753E-03	6.6069E-04	6.0814E-03	9.88E-03	9.97E-04	3.75E-03	3.68E-03	2.33E-03	7.98E-03
1.3205E-02	4.0096E-03	6.8492E-03	8.0503E-03	1.2585E-03	1.9657E-03	7.0922E-04	1.2438E-02	5.7083E-04	9.6483E-04	4.0312E-03	7.2100E-04	6.7534E-03	1.10E-02	1.19E-03	3.88E-03	4.81E-03	2.46E-03	8.94E-03
1.5060E-02	4.5918E-03	7.7911E-03	9.4593E-03	1.6346E-03	2.2299E-03	7.0534E-04	1.3406E-02	5.5939E-04	1.1382E-03	5.1052E-03	8.0647E-04	7.5070E-03	1.22E-02	1.47E-03	3.99E-03	6.35E-03	2.62E-03	1.01E-02
1.7128E-02	5.3471E-03	8.8448E-03	1.1043E-02	2.0719E-03	2.5823E-03	7.1660E-04	1.4557E-02	5.6313E-04	1.3879E-03	6.4493E-03	9.1551E-04	8.3190E-03	1.35E-02	1.85E-03	4.10E-03	8.19E-03	2.81E-03	1.13E-02
1.9291E-02	6.2090E-03	1.0022E-02	1.2949E-02	2.6396E-03	3.0433E-03	7.5893E-04	1.5953E-02	6.0059E-04	1.7258E-03	8.0369E-03	1.0446E-03	9.2794E-03	1.49E-02	2.42E-03	4.21E-03	1.08E-02	3.04E-03	1.29E-02
2.1452E-02	7.3571E-03	1.1423E-02	1.4976E-02	3.3215E-03	3.6463E-03	8.2260E-04	1.7336E-02	6.6131E-04	2.1656E-03	9.9306E-03	1.1901E-03	1.0268E-02	1.65E-02	3.20E-03	4.31E-03	1.37E-02	3.31E-03	1.46E-02
2.4884E-02	9.4101E-03	1.3867E-02	1.8631E-02	4.6938E-03	4.9687E-03	1.0110E-03	1.9494E-02	8.3047E-04	3.1089E-03	1.3359E-02	1.4765E-03	1.2071E-02	1.92E-02	4.74E-03	4.45E-03	1.91E-02	3.82E-03	1.78E-02
2.9493E-02	1.3073E-02	1.7430E-02	2.4104E-02	7.2864E-03	7.3394E-03	1.4224E-03	2.2963E-02	1.1917E-03	4.9411E-03	1.8961E-02	1.9697E-03	1.4921E-02	2.36E-02	7.68E-03	4.63E-03	2.77E-02	4.71E-03	2.28E-02
3.4006E-02	1.8042E-02	2.1703E-02	3.0292E-02	1.0585E-02	1.0641E-02	2.0905E-03	2.6578E-02	1.7663E-03	7.6789E-03	2.5942E-02	2.6686E-03	1.8358E-02	2.87E-02	1.21E-02	4.79E-03	3.99E-02	5.90E-03	2.89E-02
3.7316E-02	2.2343E-02	2.5340E-02	3.5446E-02	1.3801E-02	1.3990E-02	2.7842E-03	2.9370E-02	2.3560E-03	1.0318E-02	3.1901E-02	3.4153E-03	2.1589E-02	3.27E-02	1.62E-02	4.89E-03	5.07E-02	6.98E-03	3.39E-02
3.9521E-02	2.5856E-02	2.8036E-02	3.8828E-02	1.6144E-02	1.6260E-02	3.3893E-03	3.1456E-02	2.8693E-03	1.2582E-02	3.6605E-02	3.9257E-03	2.3756E-02	3.56E-02	1.96E-02	4.96E-03	5.88E-02	7.85E-03	3.77E-02
4.1666E-02	2.9234E-02	3.0872E-02	4.2290E-02	1.8871E-02	1.9018E-02	4.1146E-03	3.3546E-02	3.4826E-03	1.5154E-02	4.1675E-02	4.5504E-03	2.6227E-02	3.88E-02	2.36E-02	5.63E-03	6.71E-02	8.77E-03	4.18E-02
4.3811E-02	3.2716E-02	3.4095E-02	4.5891E-02	2.1798E-02	2.2412E-02	4.9776E-03	3.5655E-02	4.2089E-03	1.7965E-02	4.6965E-02	5.3759E-03	2.9059E-02	4.22E-02	2.80E-02	7.06E-03	7.63E-02	9.77E-03	4.59E-02
4.5952E-02	3.6098E-02	3.7630E-02	4.9327E-02	2.5088E-02	2.5652E-02	6.0094E-03	3.8400E-02	5.0720E-03	2.1156E-02	5.2942E-02	6.4234E-03	3.2257E-02	4.59E-02	3.28E-02	8.42E-03	8.57E-02	1.08E-02	5.02E-02
4.8018E-02	3.9792E-02	4.1288E-02	5.2593E-02	2.8540E-02	2.8794E-02	7.2165E-03	4.1760E-02	6.0695E-03	2.4571E-02	5.9616E-02	7.6983E-03	3.5708E-02	5.00E-02	3.76E-02	9.72E-03	9.48E-02	1.20E-02	5.46E-02
4.9685E-02	4.3041E-02	4.4517E-02	5.5165E-02	3.1636E-02	3.2144E-02	8.3594E-03	4.4662E-02	7.0019E-03	2.7556E-02	6.4867E-02	8.8758E-03	3.8923E-02	5.36E-02	4.16E-02	1.07E-02	1.02E-01	1.29E-02	5.84E-02
5.0524E-02	4.4622E-02	4.6272E-02	5.6406E-02	3.3155E-02	3.3973E-02	8.9904E-03	4.6095E-02	7.5127E-03	2.9127E-02	6.7479E-02	9.5259E-03	4.0703E-02	5.56E-02	4.36E-02	1.12E-02	1.06E-01	1.34E-02	6.04E-02
5.0866E-02	4.5382E-02	4.7022E-02	5.6896E-02	3.3738E-02	3.4696E-02	9.2529E-03	4.6713E-02	7.7250E-03	2.9774E-02	6.8558E-02	9.8186E-03	4.1479E-02	5.64E-02	4.45E-02	1.14E-02	1.07E-01	1.36E-02	6.12E-02
5.1375E-02	4.6592E-02	4.8136E-02	5.7622E-02	3.4602E-02	3.5766E-02	9.6729E-03	4.7639E-02	8.0640E-03	3.0795E-02	7.0158E-02	1.0253E-02	4.2629E-02	5.77E-02	4.58E-02	1.17E-02	1.09E-01	1.40E-02	6.24E-02
5.2413E-02	4.8966E-02	5.0440E-02	5.9046E-02	3.6301E-02	3.7867E-02	1.0523E-02	4.9475E-02	8.7404E-03	3.2734E-02	7.3518E-02	1.1105E-02	4.4888E-02	6.01E-02	4.82E-02	1.23E-02	1.13E-01	1.46E-02	6.50E-02
5.4179E-02	5.2782E-02	5.4362E-02	6.1342E-02	3.9685E-02	4.1252E-02	1.2061E-02	5.2950E-02	9.9456E-03	3.5986E-02	7.9527E-02	1.2534E-02	4.8876E-02	6.45E-02	5.21E-02	1.32E-02	1.20E-01	1.56E-02	6.92E-02
5.6361E-02	5.7092E-02	5.8996E-02	6.3975E-02	4.4599E-02	4.5134E-02	1.4192E-02	5.7505E-02	1.1603E-02	4.0294E-02	8.7353E-02	1.4308E-02	5.4310E-02	7.03E-02	5.73E-02	1.43E-02	1.29E-01	1.68E-02	7.46E-02
5.8606E-02	6.1525E-02	6.3495E-02	6.6192E-02	4.9273E-02	4.9085E-02	1.6631E-02	6.2295E-02	1.3472E-02	4.4866E-02	9.5556E-02	1.6061E-02	5.9126E-02	7.57E-02	6.24E-02	1.53E-02	1.38E-01	1.80E-02	8.01E-02
6.0921E-02	6.6416E-02	6.8323E-02	6.7748E-02	5.3619E-02	5.3343E-02	1.9298E-02	6.7093E-02	1.5458E-02	4.9326E-02	1.0355E-01	1.7840E-02	6.3228E-02	8.09E-02	6.71E-02	1.63E-02	1.47E-01	1.93E-02	8.57E-02
6.3300E-02	7.1084E-02	7.3640E-02	6.9213E-02	5.7701E-02	5.7502E-02	2.2245E-02	7.1791E-02	1.7605E-02	5.3895E-02	1.1163E-01	1.9570E-02	6.7074E-02	8.64E-02	7.18E-02	1.72E-02	1.54E-01	2.05E-02	9.16E-02
6.5761E-02	7.4928E-02	7.9322E-02	7.0606E-02	6.1450E-02	6.1723E-02	2.5469E-02	7.6508E-02	1.9896E-02	5.8477E-02	1.1977E-01	2.1310E-02	6.9771E-02	9.24E-02	7.59E-02	1.81E-02	1.57E-01	2.17E-02	9.78E-02
6.8319E-02	7.7667E-02	8.5257E-02	7.1931E-02	6.5143E-02	6.5709E-02	2.8977E-02	8.1622E-02	2.2327E-02	6.3194E-02	1.2772E-01	2.2982E-02	7.1331E-02	9.84E-02	8.02E-02	1.89E-02	1.58E-01	2.30E-02	1.04E-01
7.1001E-02	8.0512E-02	9.1366E-02	7.3191E-02	7.0246E-02	6.9480E-02	3.2742E-02	8.8099E-02	2.4873E-02	6.7941E-02	1.3537E-01	2.4691E-02	7.2783E-02	1.02E-01	8.37E-02	1.97E-02	1.58E-01	2.44E-02	1.12E-01
7.3909E-02	8.3765E-02	9.8462E-02	7.4396E-02	7.5555E-02	7.3069E-02	3.6762E-02	9.6070E-02	2.7534E-02	7.2859E-02	1.4295E-01	2.6447E-02	7.4256E-02	1.04E-01	8.71E-02	2.17E-02	1.59E-01	2.58E-02	1.20E-01
7.7296E-02	8.6865E-02	1.0805E-01	7.5545E-02	8.0773E-02	7.6569E-02	4.1047E-02	1.0485E-01	3.0310E-02	7.8009E-02	1.5054E-01	2.8239E-02	7.5769E-02	1.07E-01	9.06E-02	2.45E-02	1.64E-01	2.72E-02	1.29E-01
8.1267E-02	8.9783E-02	1.1943E-01	7.6638E-02	8.6260E-02	8.0175E-02	4.5557E-02	1.1176E-01	3.3177E-02	8.3407E-02	1.5805E-01	3.0146E-02	7.7311E-02	1.10E-01	9.42E-02	2.72E-02	1.74E-01	2.87E-02	1.39E-01
8.5882E-02	9.2556E-02	1.3141E-01	7.7678E-02	9.1842E-02	8.3626E-02	5.0269E-02	1.1832E-01	3.6138E-02	8.9377E-02	1.6601E-01	3.2066E-02	7.8863E-02	1.11E-01	9.77E-02	2.98E-02	1.90E-01	3.02E-02	1.49E-01
9.1271E-02	9.5197E-02	1.4295E-01	7.8667E-02	9.9952E-02	8.7048E-02	5.5249E-02	1.2841E-01	3.9233E-02	9.5917E-02	1.7468E-01	3.4049E-02	8.0393E-02	1.12E-01	1.01E-01	3.22E-02	2.11E-01	3.17E-02	1.61E-01
9.8066E-02	9.8300E-02	1.5309E-01	7.9609E-02	1.0831E-01	9.0383E-02	6.0393E-02	1.3909E-01	4.2414E-02	1.0330E-01	1.8500E-01	3.6180E-02	8.1933E-02	1.12E-01	1.05E-01	3.46E-02	2.36E-01	3.34E-02	1.75E-01
1.1160E-01	1.0377E-01	1.6624E-01	8.0934E-02	1.2007E-01	9.5078E-02	6.8627E-02	1.5901E-01	4.7451E-02	1.1568E-01	2.0092E-01	3.9634E-02	8.4319E-02	1.12E-01	1.12E-01	3.78E-02	2.79E-01	3.59E-02	1.98E-01
1.2589E-01	1.0838E-01	1.7760E-01	8.2475E-02	1.3097E-01	9.9201E-02	7.6638E-02	1.7635E-01	5.2367E-02	1.2780E-01	2.1324E-01	4.3167E-02	8.6800E-02	1.11E-01	1.15E-01	4.27E-02	3.23E-01	3.84E-02	2.22E-01
1.3576E-01	1.1101E-01	1.8437E-01	8.4239E-02	1.2793E-01	1.0194E-01	8.2387E-02	1.8583E-01	5.5889E-02	1.3583E-01	2.1574E-01	4.5992E-02	8.8998E-02	1.11E-01	1.18E-01	4.99E-02	3.55E-01	4.05E-02	2.38E-01
1.4632E-01	1.1374E-01	1.8954E-01	8.6158E-02	1.2582E-01	1.0485E-01	8.8918E-02	1.9558E-01	5.9915E-02	1.4438E-01	2.1669E-01	4.9233E-02	9.1443E-02	1.11E-01	1.23E-01	5.41E-02	3.91E-01	4.29E-02	2.57E-01
1.5526E-01	1.1665E-01	1.9307E-01	8.8032E-02	1.2274E-01	1.0747E-01	9.5150E-02	2.0472E-01	6.3780E-02	1.5148E-01	2.1756E-01	5.2682E-02	9.3773E-02	1.11E-01	1.25E-01	5.21E-02	4.27E-01	4.56E-02	2.74E-01
1.6105E-01	1.2002E-01	1.9625E-01	8.9858E-02	1.2101E-01	1.1005E-01	1.0178E-01	2.1564E-01	6.7896E-02	1.5880E-01	2.1916E-01	5.6140E-02	9.6169E-02	1.12E-01	1.27E-01	5.00E-02	4.62E-01	4.82E-02	2.90E-01
1.6359E-01	1.2369E-01	1.9890E-01	9.1837E-02	1.1382E-01	1.1258E-01	1.0859E-01	2.2883E-01	7.2269E-02	1.6573E-01	2.2242E-01	6.0457E-02	9.8668E-02	1.15E-01	1.28E-01	4.81E-02	5.00E-01	5.10E-02	3.06E-01
1.6466E-01	1.2773E-01	2.0035E-01	9.3762E-02	1.2067E-01	1.1498E-01	1.1583E-01	2.4420E-01	7.6934E-02	1.7283E-01	2.2602E-01	6.4741E-02	1.0145E-01	1.18E-01	1.28E-01	4.62E-02	5.36E-01	5.41E-02	3.20E-01
1.6488E-01	1.3172E-01	1.9995E-01	9.5723E-02	1.2359E-01	1.1726E-01	1.2291E-01	2.6100E-01	8.1550E-02	1.7928E-01	2.2976E-01	6.9431E-02	1.0449E-01	1.21E-01	1.28E-01	4.82E-02	5.71E-01	5.73E-02	3.33E-01
1.6465E-01	1.3563E-01	1.9705E-01	9.7835E-02	1.0739E-01	1.1943E-01	1.2924E-01	2.7900E-01	8.5787E-02	1.8411E-01	2.3399E-01	7.5065E-02	1.0762E-01	1.23E-01	1.28E-01	5.73E-02	6.03E-01	6.07E-02	3.45E-01
1.6452E-01	1.3918E-01	1.9342E-01	9.9848E-02	1.0986E-01	1.2150E-01	1.3586E-01	2.9934E-01	9.0223E-02	1.8900E-01	2.3830E-01	8.0451E-02	1.1090E-01	1.26E-01	1.28E-01	6.60E-02	6.34E-01	6.44E-02	3.57E-01
1.6497E-01	1.4245E-01	1.8993E-01	1.0190E-01	1.1541E-01	1.2350E-01	1.4285E-01	3.2080E-01	9.4989E-02	1.9408E-01	2.4156E-01	8.5392E-02	1.1420E-01	1.28E-01	1.28E-01	7.44E-02	6.62E-01	6.82E-02	3.70E-01
1.6577E-01	1.4567E-01	1.8709E-01	1.0418E-01	1.1365E-01	1.2541E-01	1.5030E-01	3.4581E-01	1.0027E-01	1.9940E-01	2.4230E-01	9.0378E-02	1.1766E-01	1.31E-01	1.28E-01	8.24E-02	6.86E-01	7.23E-02	3.83E-01
1.6660E-01	1.4877E-01	1.8454E-01	1.0637E-01	1.0864E-01	1.2774E-01	1.5815E-01	3.7305E-01	1.0586E-01	2.0488E-01	2.4287E-01	9.7292E-02	1.2122E-01	1.33E-01	1.29E-01	8.99E-02	7.08E-01	7.67E-02	3.96E-01
1.6747E-01	1.5184E-01	1.8226E-01	1.0846E-01	1.0828E-01	1.3047E-01	1.6640E-01	4.0219E-01	1.1175E-01	2.1050E-01	2.4343E-01	1.0267E-01	1.2487E-01	1.35E-01	1.30E-01	9.71E-02	7.30E-01	8.13E-02	4.10E-01
1.6881E-01	1.5725E-01	1.8061E-01	1.1150E-01	1.0591E-01	1.3542E-01	1.7577E-01	4.4698E-01	1.1918E-01	2.1770E-01	2.4579E-01	1.0970E-01	1.3076E-01	1.40E-01	1.30E-01	1.05E-01	7.57E-01	8.92E-02	4.34E-01
1.7070E-01	1.6525E-01	1.8246E-01	1.1527E-01	1.0646E-01	1.4344E-01	1.8703E-01	5.0718E-01	1.2872E-01	2.2728E-01	2.4965E-01	1.1812E-01	1.3904E-01	1.46E-01	1.30E-01	1.14E-01	7.87E-01	9.96E-02	4.67E-01
1.7225E-01	1.7280E-01	1.8536E-01	1.1799E-01	1.0645E-01	1.5030E-01	1.9609E-01	5.5219E-01	1.3668E-01	2.3934E-01	2.5275E-01	1.2567E-01	1.4546E-01	1.50E-01	1.30E-01	1.21E-01	8.08E-01	1.07E-01	4.94E-01
1.7339E-01	1.8007E-01	1.8753E-01	1.2017E-01	1.0679E-01	1.5588E-01	2.0318E-01	5.8234E-01	1.4391E-01	2.5111E-01	2.5576E-01	1.3074E-01	1.5019E-01	1.54E-01	1.31E-01	1.28E-01	8.26E-01	1.13E-01	5.13E-01
1.7533E-01	1.9072E-01	1.9107E-01	1.2329E-01	1.0834E-01	1.6564E-01	2.1450E-01	6.2291E-01	1.5581E-01	2.7211E-01	2.6041E-01	1.3540E-01	1.5719E-01	1.60E-01	1.34E-01	1.37E-01	8.54E-01	1.21E-01	5.43E-01
1.7856E-01	2.0775E-01	1.9612E-01	1.2712E-01	1.1518E-01	1.8041E-01	2.3044E-01	6.6301E-01	1.7512E-01	3.0842E-01	2.6772E-01	1.4567E-01	1.6731E-01	1.71E-01	1.37E-01	1.49E-01	9.00E-01	1.30E-01	5.84E-01
1.8063E-01	2.1773E-01	1.9902E-01	1.2915E-01	1.1573E-01	1.8950E-01	2.3950E-01	6.8080E-01	1.8807E-01	3.2948E-01	2.7179E-01	1.4758E-01	1.7273E-01	1.79E-01	1.39E-01	1.55E-01	9.25E-01	1.35E-01	6.08E-01
1.8096E-01	2.1943E-01	1.9941E-01	1.2972E-01	1.1566E-01	1.9082E-01	2.4023E-01	6.8324E-01	1.8941E-01	3.3223E-01	2.7250E-01	1.4869E-01	1.7361E-01	1.80E-01	1.39E-01	1.56E-01	9.29E-01	1.35E-01	6.11E-01
1.8124E-01	2.2094E-01	1.9973E-01	1.3028E-01	1.1557E-01	1.9204E-01	2.4072E-01	6.8531E-01	1.9044E-01	3.3448E-01	2.7313E-01	1.4986E-01	1.7439E-01	1.80E-01	1.40E-01	1.56E-01	9.33E-01	1.36E-01	6.14E-01
1.8197E-01	2.2473E-01	2.0054E-01	1.3168E-01	1.1536E-01	1.9533E-01	2.4192E-01	6.9060E-01	1.9301E-01	3.4023E-01	2.7469E-01	1.5278E-01	1.7655E-01	1.82E-01	1.40E-01	1.58E-01	9.43E-01	1.38E-01	6.22E-01
1.8363E-01	2.3284E-01	2.0229E-01	1.3467E-01	1.1485E-01	2.0264E-01	2.4452E-01	7.0228E-01	1.9878E-01	3.5329E-01	2.7803E-01	1.5847E-01	1.8130E-01	1.85E-01	1.42E-01	1.62E-01	9.65E-01	1.42E-01	6.37E-01
1.8760E-01	2.4816E-01	2.0622E-01	1.4033E-01	1.1532E-01	2.1929E-01	2.4990E-01	7.2628E-01	2.1110E-01	3.8260E-01	2.8497E-01	1.6496E-01	1.9094E-01	1.92E-01	1.45E-01	1.69E-01	1.01E+00	1.49E-01	6.68E-01
1.9236E-01	2.6283E-01	2.1052E-01	1.4560E-01	1.1769E-01	2.3759E-01	2.5722E-01	7.5065E-01	2.2373E-01	4.0555E-01	2.9255E-01	1.7216E-01	2.0069E-01	1.99E-01	1.48E-01	1.76E-01	1.05E+00	1.56E-01	6.98E-01
1.9608E-01	2.7564E-01	2.1353E-01	1.4889E-01	1.2255E-01	2.5077E-01	2.6340E-01	7.6730E-01	2.3193E-01	4.2166E-01	2.9798E-01	1.7861E-01	2.0746E-01	2.03E-01	1.50E-01	1.80E-01	1.08E+00	1.62E-01	7.19E-01
1.9999E-01	2.8864E-01	2.1651E-01	1.5202E-01	1.2701E-01	2.6464E-01	2.6972E-01	7.8485E-01	2.4103E-01	4.3848E-01	3.0365E-01	1.8372E-01	2.1422E-01	2.10E-01	1.52E-01	1.84E-01	1.11E+00	1.66E-01	7.41E-01
2.0418E-01	3.0101E-01	2.1942E-01	1.5500E-01	1.3094E-01	2.7848E-01	2.7629E-01	8.0325E-01	2.5052E-01	4.5584E-01	3.0937E-01	1.8757E-01	2.2125E-01	2.16E-01	1.54E-01	1.87E-01	1.14E+00	1.70E-01	7.66E-01
2.0853E-01	3.1228E-01	2.2221E-01	1.5864E-01	1.2865E-01	2.9191E-01	2.8137E-01	8.2162E-01	2.5908E-01	4.7238E-01	3.1526E-01	1.9359E-01	2.2819E-01	2.22E-01	1.56E-01	1.91E-01	1.16E+00	1.75E-01	7.92E-01
2.1309E-01	3.2183E-01	2.2495E-01	1.6399E-01	1.2724E-01	3.0631E-01	2.8282E-01	8.4207E-01	2.6540E-01	4.8612E-01	3.2196E-01	1.9973E-01	2.3542E-01	2.28E-01	1.58E-01	1.94E-01	1.19E+00	1.82E-01	8.23E-01
2.1780E-01	3.3088E-01	2.2769E-01	1.6916E-01	1.2786E-01	3.2095E-01	2.8413E-01	8.6393E-01	2.7145E-01	5.0136E-01	3.2886E-01	2.0386E-01	2.4281E-01	2.33E-01	1.60E-01	1.96E-01	1.22E+00	1.88E-01	8.56E-01
2.2279E-01	3.3948E-01	2.3038E-01	1.7407E-01	1.3784E-01	3.3714E-01	2.8562E-01	8.8538E-01	2.7731E-01	5.1924E-01	3.3647E-01	2.0842E-01	2.5030E-01	2.43E-01	1.62E-01	1.99E-01	1.24E+00	1.93E-01	8.93E-01
2.2791E-01	3.4771E-01	2.3298E-01	1.7875E-01	1.4000E-01	3.5285E-01	2.8818E-01	9.0928E-01	2.8377E-01	5.3881E-01	3.4454E-01	2.1242E-01	2.5797E-01	2.51E-01	1.65E-01	2.02E-01	1.27E+00	1.97E-01	9.34E-01
2.3331E-01	3.5646E-01	2.3546E-01	1.8319E-01	1.4077E-01	3.6979E-01	2.9086E-01	9.3484E-01	2.9108E-01	5.5952E-01	3.5288E-01	2.1616E-01	2.6583E-01	2.57E-01	1.68E-01	2.04E-01	1.29E+00	2.01E-01	9.77E-01
2.3890E-01	3.6512E-01	2.3683E-01	1.8742E-01	1.4395E-01	3.8710E-01	2.9364E-01	9.6259E-01	2.9866E-01	5.8104E-01	3.6168E-01	2.2073E-01	2.7381E-01	2.63E-01	1.71E-01	2.06E-01	1.32E+00	2.07E-01	1.02E+00
2.4487E-01	3.7348E-01	2.3755E-01	1.9197E-01	1.4932E-01	4.0457E-01	2.9652E-01	9.9162E-01	3.0667E-01	6.0489E-01	3.7128E-01	2.2604E-01	2.8203E-01	2.70E-01	1.76E-01	2.08E-01	1.35E+00	2.14E-01	1.07E+00
2.5131E-01	3.8189E-01	2.3962E-01	1.9827E-01	1.5442E-01	4.2255E-01	3.0021E-01	1.0227E+00	3.1540E-01	6.3489E-01	3.8143E-01	2.3109E-01	2.9039E-01	2.78E-01	1.80E-01	2.10E-01	1.39E+00	2.22E-01	1.12E+00
2.5799E-01	3.8994E-01	2.4290E-01	2.0445E-01	1.5928E-01	4.4060E-01	3.0433E-01	1.0552E+00	3.2378E-01	6.6677E-01	3.9232E-01	2.3591E-01	2.9898E-01	2.87E-01	1.86E-01	2.12E-01	1.42E+00	2.29E-01	1.17E+00
2.6497E-01	3.9746E-01	2.4736E-01	2.1033E-01	1.6390E-01	4.5815E-01	3.0853E-01	1.0907E+00	3.3243E-01	7.0556E-01	4.0327E-01	2.4071E-01	3.0766E-01	2.95E-01	1.92E-01	2.14E-01	1.45E+00	2.36E-01	1.23E+00
2.7347E-01	4.0391E-01	2.5495E-01	2.1591E-01	1.6830E-01	4.7678E-01	3.1341E-01	1.1255E+00	3.4168E-01	7.4411E-01	4.1475E-01	2.4642E-01	3.1669E-01	3.03E-01	1.99E-01	2.16E-01	1.48E+00	2.43E-01	1.28E+00
2.8891E-01	4.1445E-01	2.7094E-01	2.2504E-01	1.7541E-01	5.0756E-01	3.2215E-01	1.1826E+00	3.5845E-01	8.0535E-01	4.3593E-01	2.5592E-01	3.3277E-01	3.16E-01	2.12E-01	2.19E-01	1.53E+00	2.54E-01	1.38E+00
3.1017E-01	4.4002E-01	3.0020E-01	2.3957E-01	1.8335E-01	5.5213E-01	3.2969E-01	1.2650E+00	3.7755E-01	9.0191E-01	4.6862E-01	2.6718E-01	3.5791E-01	3.33E-01	2.32E-01	2.25E-01	1.61E+00	2.74E-01	1.51E+00
3.2390E-01	4.7173E-01	3.2171E-01	2.5067E-01	1.8954E-01	5.8434E-01	3.3298E-01	1.3241E+00	3.8867E-01	9.7508E-01	4.9431E-01	2.7620E-01	3.7803E-01	3.48E-01	2.48E-01	2.30E-01	1.67E+00	2.93E-01	1.61E+00
3.3183E-01	4.8964E-01	3.3231E-01	2.5602E-01	1.9729E-01	5.9980E-01	3.3461E-01	1.3527E+00	3.9402E-01	1.0133E+00	5.0780E-01	2.8156E-01	3.8787E-01	3.55E-01	2.56E-01	2.33E-01	1.70E+00	3.04E-01	1.65E+00
3.4407E-01	5.4633E-01	3.4832E-01	2.6524E-01	2.1035E-01	6.2666E-01	3.3748E-01	1.4008E+00	4.0279E-01	1.0761E+00	5.3114E-01	2.9149E-01	4.0610E-01	3.66E-01	2.69E-01	2.36E-01	1.74E+00	3.18E-01	1.72E+00
3.5985E-01	5.9531E-01	3.6782E-01	2.7630E-01	2.2925E-01	6.6022E-01	3.4181E-01	1.4635E+00	4.1321E-01	1.1391E+00	5.6109E-01	3.0507E-01	4.2974E-01	3.80E-01	2.87E-01	2.41E-01	1.80E+00	3.35E-01	1.81E+00
3.8467E-01	5.6226E-01	3.9494E-01	2.9313E-01	2.5932E-01	7.2529E-01	3.4595E-01	1.5661E+00	4.2563E-01	1.2172E+00	6.0733E-01	3.2825E-01	4.6784E-01	4.02E-01	3.21E-01	2.58E-01	1.89E+00	3.66E-01	1.94E+00
4.1165E-01	5.5264E-01	4.2305E-01	3.1120E-01	2.9363E-01	8.0722E-01	3.5119E-01	1.6635E+00	4.3905E-01	1.3027E+00	6.5592E-01	3.5488E-01	5.1085E-01	4.22E-01	3.60E-01	2.82E-01	1.98E+00	3.99E-01	2.07E+00
4.3363E-01	6.0943E-01	4.4613E-01	3.2575E-01	3.2797E-01	8.8474E-01	3.5603E-01	1.7339E+00	4.4978E-01	1.3752E+00	6.7541E-01	3.7774E-01	5.4616E-01	4.44E-01	4.19E-01	3.08E-01	2.06E+00	4.25E-01	2.18E+00
4.6367E-01	6.5348E-01	4.7570E-01	3.4552E-01	3.6455E-01	9.7739E-01	3.6215E-01	1.8245E+00	4.6230E-01	1.4708E+00	6.4968E-01	4.0632E-01	5.8984E-01	4.70E-01	5.13E-01	3.55E-01	2.16E+00	5.16E-01	2.30E+00
5.0203E-01	5.9920E-01	5.1336E-01	3.6993E-01	3.9578E-01	1.0915E+00	3.6924E-01	1.9354E+00	4.7764E-01	1.5948E+00	6.8128E-01	4.3904E-01	6.5140E-01	5.01E-01	5.43E-01	4.06E-01	2.28E+00	5.73E-01	2.39E+00
5.3983E-01	6.3819E-01	5.4675E-01	3.9146E-01	4.1876E-01	1.1967E+00	3.7555E-01	2.0172E+00	4.9106E-01	1.7064E+00	7.1375E-01	4.7584E-01	6.9301E-01	5.29E-01	5.77E-01	4.44E-01	2.36E+00	5.94E-01	2.45E+00
5.6796E-01	6.9527E-01	5.7253E-01	4.0646E-01	4.3411E-01	1.3001E+00	3.8046E-01	2.0994E+00	5.0114E-01	1.7799E+00	7.3883E-01	5.1552E-01	7.2457E-01	5.51E-01	6.03E-01	4.72E-01	2.42E+00	6.11E-01	2.50E+00
5.9466E-01	7.0707E-01	5.9589E-01	4.2321E-01	4.4852E-01	1.3897E+00	3.8640E-01	2.1782E+00	5.1144E-01	1.8298E+00	7.6182E-01	5.6458E-01	7.5323E-01	5.71E-01	6.27E-01	5.11E-01	2.49E+00	6.26E-01	2.54E+00
6.0875E-01	6.3300E-01	6.0919E-01	4.3238E-01	4.5610E-01	1.4358E+00	3.8970E-01	2.2198E+00	5.1700E-01	1.8573E+00	7.7486E-01	5.6913E-01	7.6931E-01	5.81E-01	6.40E-01	5.33E-01	2.52E+00	6.35E-01	2.57E+00
6.2169E-01	6.2787E-01	6.2172E-01	4.4072E-01	4.6300E-01	1.4789E+00	3.9271E-01	2.2579E+00	5.2217E-01	1.8832E+00	7.8712E-01	6.0001E-01	7.8440E-01	5.91E-01	6.52E-01	5.52E-01	2.56E+00	6.43E-01	2.59E+00
6.3592E-01	6.7572E-01	6.3292E-01	4.4779E-01	4.6885E-01	1.5154E+00	3.9552E-01	2.2940E+00	5.2656E-01	1.9067E+00	7.9809E-01	5.9990E-01	7.9810E-01	6.01E-01	6.64E-01	5.69E-01	2.59E+00	6.51E-01	2.61E+00
6.4698E-01	7.0663E-01	6.4048E-01	4.5234E-01	4.7384E-01	1.5389E+00	3.9746E-01	2.3195E+00	5.2939E-01	1.9228E+00	8.0550E-01	6.1111E-01	8.0745E-01	6.09E-01	6.72E-01	5.80E-01	2.60E+00	6.56E-01	2.63E+00
6.6813E-01	7.7494E-01	6.5511E-01	4.6105E-01	4.9041E-01	1.5839E+00	4.0124E-01	2.3682E+00	5.3531E-01	1.9541E+00	8.2068E-01	6.6748E-01	8.2559E-01	6.23E-01	6.89E-01	6.01E-01	2.64E+00	6.67E-01	2.66E+00
7.0785E-01	8.3024E-01	6.8580E-01	4.7870E-01	5.1584E-01	1.6971E+00	4.0923E-01	2.4612E+00	5.4751E-01	2.0195E+00	8.5208E-01	6.7554E-01	8.6309E-01	6.49E-01	7.19E-01	6.40E-01	2.71E+00	6.88E-01	2.72E+00
7.8550E-01	8.6660E-01	7.4438E-01	5.4724E-01	5.4945E-01	1.9567E+00	4.2975E-01	2.6877E+00	5.7598E-01	2.1501E+00	9.2151E-01	7.7762E-01	9.3550E-01	7.04E-01	7.80E-01	7.02E-01	2.93E+00	7.34E-01	2.85E+00
8.9398E-01	1.0108E+00	8.2481E-01	6.7045E-01	6.2721E-01	2.2844E+00	4.6049E-01	2.9995E+00	6.1816E-01	2.3406E+00	1.0259E+00	9.3924E-01	1.0392E+00	7.82E-01	8.68E-01	8.27E-01	3.21E+00	8.04E-01	3.05E+00
9.7468E-01	1.0896E+00	8.8224E-01	7.6942E-01	6.5969E-01	2.5022E+00	4.8351E-01	3.2224E+00	6.4978E-01	2.4847E+00	1.1058E+00	1.0636E+00	1.1192E+00	8.42E-01	9.35E-01	9.40E-01	3.37E+00	8.61E-01	3.23E+00
1.0308E+00	1.0709E+00	9.2424E-01	1.1174E+00	6.8563E-01	2.7100E+00	5.0152E-01	3.3968E+00	6.7443E-01	2.5957E+00	1.1690E+00	1.1331E+00	1.1799E+00	8.85E-01	9.81E-01	9.36E-01	3.51E+00	9.06E-01	3.36E+00
1.1265E+00	1.2427E+00	9.9222E-01	1.4141E+00	7.1029E-01	2.9701E+00	5.3737E-01	3.7519E+00	7.2299E-01	2.8047E+00	1.2928E+00	1.3068E+00	1.2823E+00	9.69E-01	1.06E+00	9.04E-01	3.92E+00	9.86E-01	3.62E+00
1.2557E+00	1.3898E+00	1.0828E+00	1.5926E+00	8.6365E-01	3.3122E+00	5.8916E-01	4.2750E+00	7.9308E-01	3.1094E+00	1.4785E+00	1.7043E+00	1.3999E+00	1.11E+00	1.18E+00	9.34E-01	4.36E+00	1.10E+00	4.01E+00
1.4079E+00	1.4248E+00	1.1843E+00	1.8269E+00	8.4332E-01	3.6932E+00	6.5064E-01	4.8532E+00	8.7645E-01	3.4803E+00	1.7103E+00	1.9683E+00	9.9720E-01	1.27E+00	1.32E+00	1.00E+00	4.84E+00	1.24E+00	4.50E+00
1.5549E+00	1.6771E+00	1.2776E+00	2.0534E+00	9.3494E-01	4.0306E+00	7.0814E-01	5.3711E+00	9.5503E-01	3.8414E+00	1.9386E+00	2.1769E+00	1.2272E+00	1.40E+00	1.45E+00	1.08E+00	5.61E+00	1.37E+00	4.94E+00
1.6620E+00	1.9074E+00	1.3437E+00	2.2262E+00	1.0547E+00	4.2692E+00	7.4707E-01	5.7294E+00	1.0083E+00	4.0890E+00	2.0978E+00	2.3765E+00	1.1869E+00	1.49E+00	1.54E+00	1.15E+00	6.05E+00	1.46E+00	5.25E+00
1.7780E+00	1.9034E+00	1.4019E+00	2.3831E+00	1.2995E+00	4.4536E+00	7.7963E-01	6.0457E+00	1.0529E+00	4.2979E+00	2.2343E+00	2.0985E+00	1.0914E+00	1.57E+00	1.62E+00	1.20E+00	6.37E+00	1.53E+00	5.53E+00
1.9041E+00	1.8466E+00	1.4654E+00	2.5512E+00	1.1974E+00	4.6713E+00	8.1450E-01	6.3775E+00	1.1008E+00	4.5258E+00	2.3835E+00	2.6084E+00	1.7270E+00	1.65E+00	1.71E+00	1.27E+00	6.65E+00	1.61E+00	5.83E+00
2.0069E+00	1.8730E+00	1.5175E+00	2.6911E+00	1.0919E+00	4.8311E+00	8.4289E-01	6.6475E+00	1.1399E+00	4.7156E+00	2.5066E+00	2.9007E+00	1.5519E+00	1.71E+00	1.79E+00	1.32E+00	6.85E+00	1.68E+00	6.06E+00
2.0707E+00	1.8197E+00	1.5528E+00	2.7785E+00	1.6789E+00	4.9312E+00	8.6215E-01	6.8159E+00	1.1664E+00	4.8449E+00	2.5922E+00	2.8170E+00	1.7117E+00	1.75E+00	1.83E+00	1.36E+00	6.97E+00	1.72E+00	6.21E+00
2.1552E+00	1.8154E+00	1.6112E+00	2.9377E+00	1.6181E+00	5.1170E+00	8.9212E-01	7.1161E+00	1.2077E+00	5.0447E+00	2.7258E+00	3.2613E+00	2.4453E+00	1.85E+00	1.92E+00	1.41E+00	7.14E+00	1.79E+00	6.48E+00
2.2570E+00	2.4291E+00	1.6953E+00	3.1512E+00	1.2195E+00	5.3622E+00	9.3315E-01	7.5161E+00	1.2643E+00	5.3271E+00	2.9151E+00	3.7231E+00	1.5530E+00	2.00E+00	2.04E+00	1.50E+00	7.36E+00	1.88E+00	6.84E+00
2.4535E+00	2.4678E+00	1.8592E+00	3.5485E+00	1.7924E+00	5.8134E+00	1.0111E+00	8.2361E+00	1.3719E+00	5.8688E+00	3.2795E+00	3.5682E+00	2.3810E+00	2.26E+00	2.26E+00	1.66E+00	8.15E+00	2.06E+00	7.49E+00
3.0025E+00	2.6420E+00	2.3019E+00	4.2407E+00	1.5972E+00	6.5543E+00	1.1373E+00	9.4406E+00	1.5466E+00	6.7668E+00	3.8925E+00	3.6204E+00	2.9477E+00	2.60E+00	2.66E+00	1.93E+00	9.51E+00	2.35E+00	8.59E+00
3.2465E+00	3.9527E+00	2.7741E+00	5.0882E+00	2.4339E+00	7.4196E+00	1.2805E+00	1.0854E+01	1.7453E+00	7.8114E+00	4.6283E+00	4.1480E+00	3.6179E+00	2.78E+00	3.16E+00	2.25E+00	1.06E+01	2.68E+00	9.88E+00
4.0883E+00	4.4486E+00	3.1130E+00	6.0916E+00	3.0924E+00	8.4196E+00	1.4445E+00	1.2454E+01	1.9730E+00	9.0365E+00	5.5026E+00	4.3161E+00	5.7592E+00	2.80E+00	3.64E+00	2.63E+00	1.24E+01	3.06E+00	1.13E+01
2.7242E+00	4.6848E+00	4.5783E+00	7.2811E+00	3.4026E+00	9.5735E+00	1.6317E+00	1.4267E+01	2.2334E+00	1.0461E+01	6.5428E+00	5.9754E+00	4.2806E+00	3.17E+00	3.48E+00	3.08E+00	1.43E+01	3.49E+00	1.30E+01
7.7568E+00	4.8333E+00	5.0374E+00	8.7121E+00	3.4389E+00	1.0903E+01	1.8452E+00	1.5139E+01	2.5305E+00	1.2110E+01	8.9644E+00	8.8034E+00	4.7203E+00	4.75E+00	4.88E+00	3.60E+00	1.60E+01	3.99E+00	1.50E+01
4.1539E+00	4.8341E+00	6.3603E+00	1.0395E+01	2.4701E+00	1.2430E+01	2.0876E+00	1.5898E+01	2.8680E+00	1.4009E+01	6.7873E+00	4.3543E+00	6.8883E+00	5.80E+00	3.53E+00	4.20E+00	1.93E+01	4.55E+00	1.73E+01
9.7235E+00	6.4490E+00	5.1097E+00	1.2345E+01	4.5890E+00	1.4166E+01	2.3604E+00	2.0056E+01	3.2484E+00	1.6183E+01	1.2688E+01	1.5601E+01	1.0955E+01	5.67E+00	9.35E+00	4.90E+00	2.24E+01	5.19E+00	1.98E+01
3.4214E+00	9.3985E+00	4.0872E+00	1.4672E+01	7.0247E+00	1.6149E+01	2.6694E+00	2.5592E+01	3.6793E+00	1.8658E+01	1.0430E+01	1.7276E+01	5.9340E+00	7.80E+00	5.13E+00	5.69E+00	2.47E+01	5.91E+00	2.27E+01
2.4786E+01	1.0469E+01	1.5206E+01	1.1444E+01	1.5896E+01	1.8438E+01	3.0233E+00	2.8131E+01	4.1730E+00	2.1530E+01	1.8653E+01	8.9270E+00	9.5269E+00	6.38E+00	7.50E+00	6.61E+00	2.72E+01	6.74E+00	2.60E+01
1.4626E+01	1.3865E+01	2.2147E+00	1.4569E+01	3.0548E+00	2.1052E+01	3.4255E+00	2.5949E+01	4.7338E+00	2.4797E+01	1.2756E+01	1.8925E+01	2.0733E+01	6.99E+00	1.07E+01	7.67E+00	3.47E+01	7.68E+00	2.98E+01
1.7380E+01	1.3561E+01	2.7501E+01	1.4220E+01	3.5079E+01	2.3908E+01	3.8804E+00	2.7688E+01	5.3690E+00	2.8548E+01	5.3051E+01	2.1795E+01	3.4619E+01	4.74E+00	1.18E+01	8.79E+00	3.73E+01	8.75E+00	3.42E+01
3.3107E+01	1.4756E+01	2.1908E+01	3.4853E+01	4.0704E+00	2.5727E+01	4.3974E+00	5.4510E+01	6.0910E+00	3.2847E+01	2.4599E+01	2.7228E+01	2.4497E+01	1.32E+01	1.33E+00	1.29E+01	3.23E+01	1.09E+01	3.90E+01
2.6275E+01	9.6557E+00	3.4307E+01	1.8747E+01	3.7652E+01	2.9577E+01	4.9784E+00	4.8862E+01	6.9022E+00	3.7674E+01	6.6872E+00	2.7686E+01	1.0754E+02	1.43E+01	1.26E+01	1.47E+01	4.22E+01	1.03E+01	4.46E+01
4.5361E+01	2.4616E+01	7.1889E-02	3.4499E+01	1.3536E-01	3.6114E+01	5.6811E+00	7.2871E+01	7.8835E+00	4.3545E+01	5.7163E+00	5.0629E+01	3.1518E-01	5.29E+00	8.66E+01	1.61E+01	4.39E+01	1.80E+01	4.60E+01
3.7620E+00	1.9751E+01	5.9358E+01	4.3766E+01	2.3308E+00	3.6274E+01	6.4369E+00	5.8538E+01	8.9387E+00	4.9863E+01	2.6319E-02	5.3999E+01	2.1550E+02	8.41E+00	4.52E+00	1.82E+01	4.33E+01	2.69E+01	4.53E+01
9.5684E+01	3.7048E+01	2.6195E+01	7.4359E+01	1.6165E+02	3.9185E+01	7.2961E+00	5.4468E+01	1.0139E+01	5.7088E+01	1.2275E+00	3.5673E+00	9.6275E-01	9.42E+00	5.87E-02	2.61E+01	5.28E+01	5.25E+00	6.34E+01
5.5640E+00	2.2025E+01	7.1827E-02	4.2997E+01	6.7889E-01	5.5075E+01	8.2695E+00	1.1993E+02	1.1498E+01	6.5282E+01	1.2490E-01	1.8146E+01	2.7769E-01	1.94E+01	2.72E+00	2.11E+01	6.94E+01	1.07E+01	5.87E+01
1.8314E-01	4.6983E+01	4.4942E-02	9.5117E+01	2.6351E+02	5.5996E+01	6.1843E+00	6.0121E+01	1.3037E+01	7.4572E+01	1.7084E+02	4.9684E+01	9.7707E+01	6.36E+01	6.62E+00	2.80E+01	1.95E+01	2.28E+01	5.01E+01
1.7649E-01	1.7319E+01	6.7650E-02	7.4611E+01	4.3361E-01	7.4135E+01	1.2137E+01	4.1635E+01	1.4781E+01	8.5102E+01	1.0572E+00	8.3143E+01	2.8446E-01	7.79E+01	4.75E+00	4.22E+01	1.44E+02	2.36E+01	7.15E+01
3.3938E-01	6.5905E+01	1.3748E-01	1.1944E+02	3.2938E-01	7.7231E+01	1.8075E+01	1.6796E+02	1.6759E+01	9.7073E+01	3.7366E-01	8.6761E+01	2.5838E-01	8.02E+01	1.21E-01	3.28E+01	3.79E+01	2.41E+01	2.09E+02
8.5069E-01	4.1828E+01	3.8760E-01	1.9459E+02	8.5606E-01	9.4548E+01	3.5139E+00	8.7022E+01	1.8984E+01	1.1061E+02	3.0550E+01	6.3985E+00	3.7304E-01	4.57E+01	1.95E-01	4.64E+01	1.00E+02	6.63E+00	6.23E+01
3.4970E+00	1.8197E+01	2.1174E+00	8.7108E+00	5.0629E+02	1.2649E+01	8.5626E+00	3.4878E+01	2.3152E+01	1.2563E+02	2.2176E-01	7.3187E+01	6.2768E-01	3.72E+01	4.12E-01	7.05E+01	2.74E+01	1.33E+02	3.43E+02
2.0215E+03	4.0069E+01	1.1105E+03	9.1796E+01	1.0499E+01	1.4919E+02	1.2218E+01	1.6621E+02	3.5515E+01	1.4238E+02	2.1530E-01	1.2320E+00	1.1532E+00	1.98E+01	1.04E+00	6.50E+00	2.38E+02	9.82E+00	1.08E+02
1.1108E+02	2.0064E+01	1.1123E+01	3.6962E+02	1.1042E+00	2.6234E+01	4.5434E+00	3.9695E+01	7.0906E+01	1.6116E+02	4.1843E-01	9.3350E-01	2.2736E+00	1.91E+02	3.44E+00	1.44E+02	1.46E+02	1.41E+01	1.32E+01
8.0105E+00	1.7228E+01	2.3167E+00	4.8216E+00	5.9422E-01	3.0849E+02	1.3587E+01	1.2240E+02	4.0242E+01	1.8221E+02	3.9222E+00	1.0124E+00	4.8370E+00	7.78E+00	2.44E+01	9.44E+00	2.71E+01	9.53E+01	2.21E+02
5.2606E+00	3.7871E+00	1.3835E+00	7.0326E+00	4.8175E-01	7.0843E+00	2.9529E+01	3.7321E+00	4.4035E+01	2.0582E+02	1.3978E+02	1.2620E+00	1.1397E+01	3.46E+00	4.16E+03	5.46E+00	2.16E+02	2.13E+01	1.16E+01
5.1334E+00	1.3836E+01	1.1041E+00	2.2334E+01	4.4776E-01	7.0117E+00	2.5424E+01	3.9188E+01	8.8215E+01	2.3213E+02	1.9794E+00	1.7284E+00	3.1600E+01	3.20E+00	5.47E+01	2.35E+01	3.26E+02	8.94E+01	4.85E+01
5.8704E+00	4.2197E+00	1.0107E+00	2.4932E+03	4.4714E-01	3.3446E+01	1.0804E+01	4.5372E+02	3.8442E+01	2.6148E+02	1.5162E+00	2.5908E+00	1.2163E+02	3.73E+00	1.54E+01	5.45E+02	7.80E+01	1.48E+01	9.17E+02
7.1638E+00	1.8222E+01	9.9784E-01	3.2675E+02	4.6577E-01	1.6229E+03	7.5581E+00	2.8424E+02	8.3648E+01	2.9447E+02	1.9705E+00	4.2987E+00	1.7318E+03	3.87E+00	9.52E+00	3.30E+01	1.75E+03	1.22E+01	5.25E+03
8.9356E+00	1.5123E+01	1.0314E+00	4.6740E+01	4.9790E-01	5.9700E+01	1.4799E+01	2.1528E+01	1.0089E+02	3.3178E+02	2.9826E+00	8.0130E+00	3.0336E+04	5.32E+00	7.56E+00	1.60E+01	1.09E+02	1.74E+01	2.37E+02
1.1155E+01	8.1201E+00	1.0970E+00	3.8768E+01	5.4173E-01	1.8970E+01	8.1326E+01	2.5454E+01	5.6654E+01	3.7571E+02	4.7322E+00	1.7159E+01	7.4855E+02	8.81E+00	6.81E+00	1.48E+01	1.23E+02	3.08E+01	6.10E+01
1.3833E+01	9.6515E+00	1.1891E+00	4.3527E+01	5.9640E-01	1.2493E+01	7.1103E+01	1.4166E+02	4.8271E+01	4.2572E+02	7.5795E+00	4.3974E+01	2.9794E+02	1.78E+01	6.60E+00	1.61E+01	2.19E+03	5.74E+01	4.10E+01
1.6960E+01	1.4231E+01	1.3048E+00	5.3466E+01	6.6157E-01	1.0377E+01	3.2068E+01	1.0652E+03	5.3913E+01	4.8090E+02	1.2027E+01	1.4934E+02	1.9944E+02	4.61E+01	6.70E+00	1.85E+01	5.64E+02	9.49E+01	5.14E+01
3.1633E+01	3.9050E+01	1.9114E+00	1.1781E+02	9.8761E-01	1.0347E+01	6.2506E+01	7.2197E+01	1.1385E+02	2.8869E+01	5.4285E+01	7.7649E+02	1.5350E+02	3.49E+02	8.58E+00	3.19E+01	1.14E+03	1.34E+02	3.91E+01
7.6709E+01	7.3755E+01	3.9872E+00	3.3489E+02	2.0813E+00	1.7893E+01	1.0425E+02	1.3157E+02	3.4649E+02	3.4815E+01	2.7705E+02	2.4586E+02	2.3331E+02	2.75E+02	1.67E+01	7.56E+01	5.18E+02	1.82E+02	6.35E+01
