1.9342E+09
9.0825E+08
1.2856E+09
4.1388E+09
6.5010E+09
5.7208E+09
7.3064E+09
9.5398E+09
1.2261E+10
3.6895E+10
2.4613E+10
2.9431E+10
8.3818E+10
1.2544E+11
1.9139E+11
2.7161E+11
3.8050E+11
5.3557E+11
7.1146E+11
9.3139E+11
1.2255E+12
1.5709E+12
1.9595E+12
2.4945E+12
9.4738E+11
2.1249E+12
3.7387E+12
4.3923E+12
5.1161E+12
6.1704E+12
7.0141E+12
8.2299E+12
9.1625E+12
2.1447E+13
2.4374E+13
2.8558E+13
1.7349E+13
2.1264E+13
2.2016E+13
2.3760E+13
2.7263E+13
2.7438E+13
1.9608E+13
5.6277E+12
5.8756E+12
1.1034E+13
2.1167E+13
3.0206E+13
2.9337E+13
3.0354E+13
3.1038E+13
3.5791E+13
3.8038E+13
3.6081E+13
4.0107E+13
4.2101E+13
4.4252E+13
3.8279E+13
4.4976E+13
5.2239E+13
4.9430E+13
7.9227E+13
3.0468E+13
5.2783E+13
5.1135E+13
6.2097E+13
6.6748E+13
7.0753E+13
6.9968E+13
7.5099E+13
8.4654E+13
8.8976E+13
9.4010E+13
9.3141E+13
9.8373E+13
1.0014E+14
1.6214E+14
1.0686E+14
5.7669E+13
6.8828E+13
1.6808E+14
1.9093E+14
2.1656E+13
9.2062E+12
1.9930E+13
4.6862E+13
8.3910E+13
2.0031E+14
7.9466E+13
8.9416E+13
8.8160E+13
8.8390E+13
7.3391E+13
8.3438E+13
1.1767E+14
8.7344E+13
9.5539E+13
9.3402E+13
6.5879E+13
8.3446E+13
1.0362E+14
1.0117E+14
9.7677E+13
9.0389E+13
1.8905E+14
1.9872E+14
5.1798E+13
8.3663E+13
1.3067E+14
1.1667E+14
2.6583E+14
6.4134E+13
1.7709E+14
1.6494E+14
1.9919E+14
7.6205E+13
5.6896E+13
2.1980E+13
5.0918E+13
8.9019E+13
3.5244E+13
2.8602E+13
8.5888E+13
1.3050E+14
1.4469E+14
1.8333E+14
7.8968E+13
9.7265E+13
1.1457E+14
1.1055E+14
8.7547E+13
4.0478E+13
1.8742E+13
8.7725E+12
3.1700E+12
2.0538E+12
3.7433E+12
1.3908E+13
2.5066E+13
7.7293E+13
6.8224E+13
4.7796E+13
3.4043E+13
2.3235E+13
1.3669E+13
6.8459E+12
5.4121E+12
2.8790E+12
1.1102E+12
5.6153E+11
9.0525E+10
9.3180E+10
1.4871E+10
5.8268E+09
1.6035E+09
1.5171E+08
1.5935E+08
1.0321E+07
1.7027E+07
1.1806E+07
2.2488E+07
9.5668E+05
5.6688E+06
7.8613E+06
9.9791E+06
4.8269E+06
4.7655E+06
3.0796E+06
4.0895E+05
8.7549E+03
1.1263E+05
1.2761E+05
6.3919E+04
7.2221E+04
1.7863E+04
